==area:5==
@collision:B(197,116)
,,,,,,,,,,,1,1,1,1,1,1,1,1,1,1
,,,,0,0,0,0,0,0,,1,1,,,,1,1,1,1,1
,,,,0,0,0,0,0,0,0,,,,,,1,1,1,1,1
0,0,0,0,0,0,0,0,0,14,,1,1,1,1,1,1,1,1,1,1
0,0,0,0,0,0,0,0,0,0,,1,1,1,1,1,1,1,1,1,1
,,,,,,,,1
@event:B(207,117)
194,193
194,193
194,193
@roombg:B(10,10)
12
@roomcolor:B(10,10)
12
@roomtype:B(10,10)
1
@tiles0:B(198,117)
,,,379,379,379,379,379,379,,,,379,379,379
,,,379,379,379,379,379,379,379,379,379,379,379,379
379,379,379,379,379,379,379,379,379
379,379,379,379,379,379,379,379,379
@tiles1:B(197,113)
,,,855,855,855,855,855,855,855,855,855,855,855,855,855,855,855,855,855,855,855,855
,,,855,855,855,855,855,855,855,855,855,855,855,855,855,855,855,855,855,855,855,855
,,,855,855,855,855,855,855,855,855,855,855,855,855,855,855,855,855,855,855,855,855
,,,-603,570,570,570,570,570,570,603,855,-603,570,570,570,603,855,855,855,855,855,855
,,,-602,0,0,0,0,0,0,571,570,-571,,,,602,855,855,855,855,855,855
571,570,570,-571,0,0,0,0,0,0,0,,,,,,602,855,855,855,855,855,855
0,0,0,0,0,0,0,0,0,6,5571,5570,5570,5570,5570,5570,5603,855,855,855,855,855,855
0,0,0,0,0,0,0,0,0,0,602,855,855,855,855,855,855,855,855,855,855,855,855
5570,5570,5570,5570,5570,5570,5570,5570,5570,5570,5603,855,855,855,855,855,855,855,855,855,855,855,855
,,,855,855,855,855,855,855,855,855,855,855,855,855,855,855,855,855,855,855,855,855
,,,855,855,855,855,855,855,855,855,855,855,855,855,855,855,855,855,855,855,855,855
@tiles2:B(209,113)
602
602
602
602,855,855,855,855,855
602,855,855,855,855,855
602,855,855,855,855,855
602,855,855,855,855,855
602,855,855,855,855,855
602,855,855,855,855,855
602,855,855,855,855,855
602