==area:6==
@collision:B(214,35)
0,,,0,0,0,0,0,0,0
0,,,0,0,0,0,0,0,,1,1
0,,,0,0,,,,,1,1,1
0,,,0,0,0,0,0,0
0,,,,0,0,0,0,0
@event:L
213,41:0
213,42:0
220,35:524
220,36:524
220,38:452
220,39:452
221,35:525
221,36:525
222,35:453
222,36:453
243,41:0
243,42:0
@tiles0:B(216,34)
296,296,1632,1632,1632,1632,1632,296,296
296,296,296,296,296,296,296,296,296
296,296,296,296,296,296,296,296,296
296,296,296,296,296,296,6637
296,296,296,296,296,1637,1637
296,296,296,296,296
,,296,296,296,1632,1632
,,,,,1632
@tiles1:B(217,34)
,,,,,,0,0
0,0,0,0,0,0,0,0
0,0,0,0,0,0
0,0,0,0,0,0
0,0,0,0,0,0
0,0,0,0,0,0
,0,0,0,64,64
@tiles2:B(216,34)
-1626,1659,1659,1660,1659,1660,1659,1660,1626
-1589,0,0,0,0,0,0,0,1621,-6653
-1621,0,0,0,0,0,0,,1589,-1655
-1589,0,0,64,64,64,64,64,1658,-1658
-1589,0,0,0,0,0,0
-6626,-6658,0,0,0,0,0
,-6626,6660,6659,6660,-6658,0
@tiles5:B(221,37)
516,516,516,517
-97
-97
-129