FE 99 00 00 01 74 FF 9C 19 01 00 00 00 00 00 00
FF A7 FF F9 00 2E FF CE 17 02 00 04 02 15 00 00
00 94 FF E5 00 0C FF 9C 19 01 00 03 24 00 00 00
FE B8 00 00 00 FB FF 9C 19 01 00 00 24 00 00 00
FF 41 00 00 01 34 FF 9C 19 01 00 00 24 00 00 00
01 37 00 04 00 02 FF 9C 19 01 00 00 22 03 00 00
FE 10 00 68 01 D9 FF 9C 19 01 00 00 22 01 00 00
FE 8B 00 00 01 98 FF 9C 19 01 00 00 24 00 00 00
FF 48 00 00 01 96 FF 9C 19 01 00 02 00 00 00 00
FF 3C 00 00 00 96 FF 9C 19 01 00 02 04 02 00 00
01 01 00 14 01 23 FF 9C 2E 01 00 02 24 00 00 00
FF 00 00 00 01 59 FF 9C 19 01 00 03 03 01 00 00
FE 13 00 68 FF D5 FF 9C 19 01 00 02 00 00 00 00
01 7E 00 04 00 2A 00 32 17 02 00 00 28 1D 02 00
00 F1 00 04 00 21 00 32 17 01 00 04 22 09 00 00
FF 6F 00 00 00 7B 00 31 17 02 00 02 03 01 FF 00
FF 59 00 00 FF FE 00 00 17 02 00 00 22 04 00 00
FF 5B 00 00 00 D4 00 31 17 02 00 00 02 02 00 00
FE FE 00 00 00 58 FF CE 17 02 00 00 03 01 00 00
FE E4 00 00 FF FF 00 00 17 02 00 02 21 01 00 00
01 AD 00 67 01 7F FF 9C 17 02 00 03 02 00 00 00
00 10 FF F9 FF 8E FF 9C 19 01 00 04 02 05 00 00
FF A0 00 00 00 A0 FF 9C 19 01 00 00 24 00 00 00
FF F0 00 78 FF 78 FF 9C 19 01 00 00 03 01 00 00
00 A5 FF E7 00 48 FF 9C 19 01 00 03 00 00 00 00
FF BC 00 00 00 B1 FF 9C 19 01 00 03 22 03 00 00
FF DD FF F9 00 2D FF EB 17 02 00 00 28 1D 01 00
FF E8 FF F9 FF BA FF EF 17 02 00 03 22 01 00 00
00 25 FF F9 FF AD 00 00 17 02 00 02 03 01 00 00
FF AA FF F9 FF D2 FF 9C 19 01 00 03 00 00 00 00
00 31 FF F9 00 0D FF 9C 19 01 00 00 00 00 00 00
FE 38 00 68 01 FA FF 9C 17 02 00 04 22 04 00 00
FF 6E 00 50 01 C3 00 4A 17 02 00 03 22 04 00 00
FE 3C 00 68 FF A0 00 00 17 02 00 04 03 01 00 00
FF 9D 00 78 FF 61 00 32 17 02 00 03 22 01 00 00
FF 95 00 78 FF 80 00 4E 17 02 00 02 22 04 00 00
00 5F 00 78 FF 64 FF 9C 17 02 00 03 02 08 FF 00
00 8D 00 78 FF 8A FF 9C 17 02 00 04 22 03 00 00
00 44 00 78 FF 78 FF 9C 19 01 00 03 00 00 00 00
01 DB 00 50 FF CD 00 32 17 02 00 04 22 01 00 00
01 B7 00 50 FF A0 00 00 17 02 00 00 03 01 00 00
FF 32 00 00 00 4E FF 9C 19 01 00 03 00 00 00 00
FF 2B 00 00 FF FE FF 9C 19 01 00 00 00 00 00 00
00 17 00 00 00 E6 FF CE 17 02 00 02 22 03 00 00
00 53 00 00 00 EA FF 9C 19 01 00 00 03 01 00 00
FF CB 00 4F 01 D2 00 40 17 02 00 00 22 04 00 00
00 18 FF F9 FF E8 00 43 19 01 00 04 00 00 00 00
FF 1B 00 00 01 99 FF 9C 19 01 00 02 02 04 00 00
01 44 00 14 01 22 FF 9C 19 01 00 04 24 00 00 00
FE 47 00 68 01 EA FF 9C 19 01 00 03 02 11 00 00
FE E6 00 00 01 5F FF 9C 19 01 00 04 04 02 00 00
FE E6 00 00 01 50 FF 9C 19 01 00 02 24 00 00 00
FF 6F 00 00 01 22 00 45 19 01 00 04 24 00 00 00
FF 73 00 00 00 5E FF 9C 19 01 00 04 00 00 00 00
FF 03 00 00 FF FB FF 9C 19 01 00 03 24 00 00 00
FE AC 00 00 FF FE FF 9C 19 01 00 03 24 00 00 00
FE 95 00 00 00 0F FF 9C 19 01 00 00 24 00 00 00
FE C2 00 00 00 2A FF 9C 19 01 00 04 00 00 00 00
