FF 29 00 05 00 61 FF 9C 2E 01 00 00 24 00 FF 00
FF 9C 00 00 00 4A FF BF 17 02 00 04 22 04 00 00
FF EF 00 00 00 7D FF D2 17 02 00 03 22 04 00 00
00 16 00 00 00 4D FF E1 17 02 00 00 02 0A 00 00
FF FB 00 00 00 30 00 42 19 01 00 00 21 01 00 00
FF D2 00 00 00 31 FF D0 17 02 00 04 02 06 00 00
FF E5 00 09 FF D7 FF 9C 19 01 00 03 00 00 00 00
FF B2 00 09 FF C3 FF 9C 19 01 00 02 00 00 00 00
00 24 00 09 FF D3 FF 9C 19 01 00 04 24 00 00 00
00 32 00 09 FF A4 FF 9C 19 01 00 03 24 00 00 00
00 20 00 09 FF 98 FF 9C 19 01 00 04 24 00 00 00
00 AC 00 39 FF 6C FF 9C 19 01 00 02 22 03 FF 00
00 3C 01 01 FF 2A FF 9C 19 01 00 03 02 03 00 00
00 8A 00 34 00 18 FF 9C 19 01 00 02 22 01 00 00
00 4C 00 34 FF FE FF 9C 19 01 00 02 03 01 00 00
00 48 00 34 00 23 FF 9C 19 01 00 00 03 01 00 00
FF 8D 00 06 FF 8C 00 00 19 01 00 04 00 00 00 00
FF B6 00 06 FF 44 00 00 17 02 00 02 22 04 00 00
FF 87 FF FC FF A9 FF E7 17 02 00 00 22 04 00 00
FF 2E 00 00 00 A8 FF B8 17 02 00 03 22 01 00 00
FF 8A 00 00 00 BA FF 9C 17 02 00 03 22 03 00 00
00 A2 00 43 00 DB 00 4B 17 01 00 02 22 09 00 00
00 D9 00 43 00 97 00 37 17 02 00 00 22 01 00 00
00 93 00 39 FF 4A 00 07 17 02 00 02 03 01 00 00
00 02 00 00 00 BC FF 9C 19 01 00 04 22 03 00 00
00 D9 00 34 00 1B FF 9C 19 01 00 02 02 02 00 00
00 BD 00 43 00 BD FF 9C 19 01 00 00 28 1D 02 00
00 22 00 00 00 58 FF 9C 19 01 00 03 24 00 00 00
FF 97 00 00 00 3A FF 9C 19 01 00 02 24 00 00 00
FF 8C 00 05 FF 46 FF 9C 19 01 00 03 24 00 00 00
00 38 00 34 00 27 FF 9C 19 01 00 03 24 00 00 00
FF 6D 00 04 00 09 FF 9C 19 01 00 00 28 1D 01 00
