00 00 01 90 FF 6B FF 9C 19 01 00 00 02 00 00 00
01 C1 00 01 00 A4 FF 9C 19 01 00 00 22 01 00 00
FF 81 01 90 FF E0 FF 9C 19 01 00 02 04 02 00 00
FF D4 01 91 00 64 FF 9C 19 01 00 00 04 02 00 00
00 FE 00 28 FF 71 FF 9C 19 01 00 03 00 00 00 00
00 D9 00 A6 00 1B FF CE 17 02 00 03 22 04 00 00
00 28 01 91 00 6F FF 9C 19 01 00 00 00 00 00 00
FF E4 01 91 FF 6C FF C4 17 02 00 00 28 1D 06 00
01 F4 00 4A 00 DD FF 9C 19 01 00 00 28 1D 05 00
FF 1E 00 4F FF C4 FF 9C 19 01 00 00 28 1D 04 00
00 9F 00 28 FE F7 FF 9C 19 01 00 00 28 1D 02 00
00 B7 00 00 01 17 FF 9C 19 01 00 00 28 1D 01 00
FF 43 00 7D FF E2 FF 9C 19 01 00 00 00 00 00 00
00 6E 00 6B 00 BB FF 9C 19 01 00 03 00 00 00 00
FF 95 01 90 FF B2 FF 9C 19 01 00 00 00 00 00 00
FF 73 00 6A FF 04 FF 9C 19 01 00 00 28 1D 03 00
FE 09 00 9D FF 70 FF 9C 19 01 00 04 00 00 00 00
FE 17 00 9F FF 84 FF 9C 19 01 00 00 00 00 00 00
FE 0B 00 A0 FF 91 FF 9C 19 01 00 04 00 00 00 00
00 84 00 27 FF 5E FF 9C 19 01 00 00 00 00 FF 00
01 36 00 28 FE ED FF 9C 19 01 00 00 00 00 FF 00
00 44 01 90 FF 86 FF 9C 19 01 00 02 02 12 00 00
01 06 00 00 00 61 FF 9C 19 01 00 02 00 00 00 00
FF 8C 01 54 00 37 00 19 17 02 00 00 02 00 00 00
FD DF 00 8D 00 00 FF 9C 19 01 00 00 00 00 00 00
FE 19 00 8D 00 3A FF 9C 19 01 00 02 03 01 00 00
00 5F 00 29 FF 3D FF 9C 19 01 00 00 03 01 00 00
00 72 00 7A FE 02 FF 9C 19 01 00 02 22 04 00 00
FF F4 00 64 FD DA FF F6 17 02 00 00 22 01 00 00
FF D2 00 65 FD ED FF E3 17 01 00 00 22 09 00 00
00 33 00 28 FE CD FF CE 17 02 00 00 22 03 00 00
01 E9 00 3D FF BD 00 03 17 02 00 00 22 04 00 00
02 24 00 3C FF F2 00 37 17 02 00 00 21 01 00 00
01 00 00 00 00 FB FF 9C 19 01 00 00 00 00 FF 00
FD FC 00 8C 00 3C FF B5 17 02 00 04 22 03 00 00
01 74 00 28 FF 42 FF 9C 19 01 00 03 03 01 00 00
01 43 00 28 FF 56 FF 9C 19 01 00 00 00 00 00 00
01 58 00 28 FF 46 FF 9C 19 01 00 03 21 01 00 00
FE 38 00 50 FE F6 FF CE 17 02 00 03 22 01 00 00
FE 50 00 4D FE D8 FF D8 17 02 00 00 21 01 00 00
01 05 00 29 FF 11 FF 9C 17 02 00 02 22 03 00 00
00 6E 00 28 FE 30 00 00 17 02 00 03 03 01 00 00
01 2B 00 26 FE 32 00 00 17 02 00 03 02 00 00 00
FE 5D 00 4C FF A0 FF CA 17 02 00 04 03 01 00 00
FF C7 00 65 FE 12 FF CE 17 02 00 04 03 01 00 00
FF FA 00 65 FE 16 FF 9C 19 01 00 02 03 01 00 00
01 CF 00 50 FF E5 FF 9C 19 01 00 00 02 16 00 00
01 53 00 00 00 62 00 00 19 01 00 02 21 01 00 00
00 F2 00 00 00 D3 FF 9C 2E 01 00 00 24 00 FF 00
01 70 00 00 01 2A FF 9C 2E 01 00 00 24 00 FF 00
00 EE 00 00 00 F8 FF 9C 2E 01 00 00 24 00 FF 00
01 C4 00 00 01 2E FF 9C 19 01 00 00 00 00 FF 00
01 CA 00 00 01 07 FF 9C 19 01 00 00 03 01 FF 00
01 F4 00 00 00 DD 00 00 17 02 00 00 02 17 00 00
01 12 00 2A FE 32 FF 9C 19 01 00 00 00 00 00 00
00 E9 00 00 01 3F FF 9C 2E 01 00 00 24 00 FF 00
FF 85 00 50 FF 4C FF 9C 19 01 00 04 22 04 00 00
FF 5F 00 4F FF 80 FF 9C 19 01 00 04 00 00 00 00
FF 46 00 50 FF 99 FF 9C 19 01 00 04 21 01 00 00
FF 16 00 4F FF A4 00 37 17 02 00 04 22 01 00 00
FE EB 00 50 FF A3 FF CD 17 02 00 00 03 01 00 00
00 AC 00 01 00 65 FF 9C 19 01 00 00 00 00 FF 00
02 07 00 3C FF C9 00 14 17 02 00 02 03 01 00 00
01 F5 00 3C FF E4 FF 9C 19 01 00 00 00 00 00 00
