FD 86 FF F1 FF CD FF 9C 19 01 00 04 00 00 00 00
FE D8 FF EE 00 17 FF 9C 19 01 00 03 00 00 00 00
FF 25 FF DA FF D8 FF 9C 17 02 00 04 22 04 00 00
FD 36 00 00 00 00 FF 9C 19 01 00 00 22 01 00 00
FE 7C FF D9 00 51 00 00 17 02 00 02 22 04 00 00
FF 7E 00 00 00 4C FF 9C 19 01 00 00 28 1D 02 00
00 31 FF FF 01 24 00 00 17 02 00 00 04 02 00 00
00 92 00 00 01 29 FF 9C 19 01 00 00 22 03 00 00
02 70 00 8C FD 1A FF 9C 19 01 00 02 00 00 00 00
00 79 00 4E FD 26 FF DF 17 02 00 04 02 14 00 00
00 70 00 4C FD 50 FF C8 17 01 00 02 22 09 00 00
00 7B 00 52 FD 84 FF BC 17 02 00 00 28 1D 04 00
FE DA FF DC 00 39 00 00 17 02 00 02 02 0A 00 00
00 FF 00 29 FF E2 FF C9 17 02 00 03 03 01 00 00
02 48 00 A8 FF D4 FF E1 17 02 00 00 22 04 00 00
01 20 FF FF 00 D6 FF FF 17 02 00 03 22 01 00 00
00 F3 00 00 00 E3 FF 9C 19 01 00 00 00 00 00 00
00 46 00 16 00 E4 FF EC 19 01 00 03 21 01 00 00
FE 9D FF DD FF E5 FF 9C 17 02 00 02 03 01 00 00
FE A3 FF C1 FF EC FF 9C 17 02 00 00 02 04 00 00
00 3B 00 28 FE EE 00 05 19 01 00 04 21 01 00 00
00 4E 00 28 FE F1 FF 9C 19 01 00 00 00 00 00 00
00 4A 00 00 FF DE FF 9C 19 01 00 04 03 01 00 00
00 43 00 28 FF 45 FF 9C 2E 01 00 00 24 00 FF 00
00 6A 00 28 FF 40 FF 9C 19 01 00 02 22 01 00 00
02 3C 00 8D FE A7 00 00 19 01 00 00 00 00 00 00
02 30 FF EF 00 DA FF 9C 19 01 00 00 00 00 FF 00
02 E7 00 7E FF EE 00 00 19 01 00 00 21 01 00 00
02 B9 00 80 FF D4 FF 9C 2E 01 00 00 24 00 FF 00
02 D1 00 79 FF D8 FF 9C 19 01 00 00 00 00 00 00
00 3A 00 00 00 86 FF 9C 19 01 00 02 03 01 00 00
00 8E 00 00 00 F0 FF 9C 19 01 00 03 00 00 00 00
00 5E 00 00 00 91 FF 9C 19 01 00 03 02 12 00 00
FD 4D 00 00 FF EE 00 18 17 02 00 04 03 01 00 00
FD 4D 00 00 00 12 00 4A 17 02 00 03 03 01 00 00
FE 55 FF DC FF 09 FF 9C 17 02 00 00 21 01 00 00
FE 65 FF DD FF 1D FF 9C 19 01 00 00 03 01 00 00
FE 53 FF DD FF 25 FF 9C 19 01 00 02 00 00 00 00
FE 8B 00 29 FE B2 FF 9C 19 01 00 04 00 00 00 00
00 F9 00 3C FE DE 00 31 17 02 00 02 04 02 00 00
FF 57 FF DE 00 0B 00 00 17 02 00 00 03 01 00 00
FE 3A FF 8F 01 4E FF 9C 19 01 00 00 28 1D 03 00
00 48 00 27 01 F4 FF 9C 19 01 00 03 22 04 00 00
00 7E 00 28 01 F6 FF 9C 19 01 00 04 22 01 00 00
