03 0E 00 18 01 42 FF 9C 19 01 00 00 00 00 00 00
01 BA 00 2C FA 98 00 15 19 01 00 00 02 13 00 00
FF C0 00 28 03 B7 FF 9C 19 01 00 02 22 03 00 00
FF E4 00 27 03 C9 FF 9C 19 01 00 03 22 01 00 00
02 7C 00 A4 FC 48 FF 9C 19 01 00 03 22 04 00 00
00 BA 00 29 FA 10 FF 9C 19 01 00 02 22 03 00 00
04 02 00 26 FE 2A FF 9C 19 01 00 00 22 03 00 00
02 6C 00 29 FE 8B FF 9C 19 01 00 03 22 03 00 00
FF 07 FF FF 00 26 FF 9C 19 01 00 02 02 11 00 00
FE 96 00 92 00 7B FF 9C 19 01 00 04 22 03 00 00
FF 07 00 36 00 00 FF 9C 19 01 00 03 22 04 00 00
03 57 00 02 FF B8 FF 9C 19 01 00 02 22 04 00 00
02 F0 00 06 00 AA FF 9C 19 01 00 00 22 03 00 00
01 BF 00 08 01 1A FF 9C 19 01 00 00 22 04 00 00
00 B5 00 1D FF 17 FF 9C 19 01 00 00 00 00 00 00
01 6B 00 28 FC 8C FF 9C 19 01 00 00 00 00 00 00
03 38 00 29 FC 94 FF 9C 19 01 00 02 00 00 00 00
06 17 01 86 01 18 FF 9C 19 01 00 00 00 00 00 00
02 94 00 2A FD E2 FF 9C 19 01 00 00 28 1D 01 00
00 22 00 2C 03 1B FF 9C 19 01 00 00 00 00 00 00
01 9C 00 A4 FC 4A FF 9C 2E 01 00 00 24 00 FF 00
03 AC 00 EE FB BB FF 9C 19 01 00 04 02 1A 00 00
05 FC 01 D8 02 10 00 22 17 02 00 00 22 04 00 00
05 F7 01 D7 02 8D 00 58 17 02 00 02 03 01 00 00
06 5A 01 D7 02 15 00 1D 17 02 00 04 02 1C 00 00
06 07 01 D7 02 3E FF 9C 19 01 00 00 22 03 00 00
05 72 01 D9 02 3B FF 9C 19 01 00 02 21 01 00 00
05 55 01 DA 02 2D FF 9C 19 01 00 04 00 00 00 00
05 5F 01 D8 02 46 FF 9C 19 01 00 02 00 00 00 00
03 8B 01 1F FC 74 FF 9C 19 01 00 04 22 01 00 00
00 BA 00 A3 FB 48 FF 9C 19 01 00 00 28 1D 04 00
06 00 01 25 00 2B FF 9C 19 01 00 04 22 04 00 00
04 FA 01 26 FF 3B FF 9C 2E 01 00 00 24 00 FF 00
04 D2 01 22 FE 43 00 1D 19 01 00 04 03 01 00 00
04 80 01 25 FE B1 00 51 17 02 00 03 02 13 00 00
04 A0 01 23 FD 80 FF 9C 19 01 00 03 00 00 00 00
02 20 00 2C FC E6 FF 9C 19 01 00 00 00 00 00 00
04 21 01 23 FC B3 FF B5 19 01 00 03 21 01 00 00
03 F4 01 23 FC 4F FF 9C 2E 01 00 00 24 00 FF 00
03 C6 01 1E FC 73 FF 9C 2E 01 00 00 24 00 FF 00
04 18 01 25 FC 98 FF 9C 2E 01 00 00 24 00 FF 00
04 12 01 24 FC B9 FF 9C 2E 01 00 00 24 00 FF 00
04 B4 01 25 FC B1 00 1A 19 01 00 02 00 00 00 00
04 E4 01 22 FC EB 00 0C 17 02 00 02 02 16 00 00
03 38 01 47 FB 1B FF 9C 19 01 00 04 22 03 00 00
03 C7 01 20 FC 01 FF FD 17 02 00 00 03 01 00 00
02 22 00 A6 FB A1 FF 9C 19 01 00 00 28 1D 05 00
03 EC 00 E2 FB 56 FF 9C 19 01 00 03 22 03 00 00
04 56 01 1E FC 0D FF 9C 19 01 00 03 03 01 00 00
04 1A 01 23 FC 12 00 00 17 02 00 00 02 05 00 00
02 DB 00 28 FC 81 FF F1 17 02 00 00 22 01 00 00
03 52 00 28 FC BA 00 22 17 02 00 02 02 09 00 00
02 6F 00 A3 FA 28 00 2D 17 02 00 03 02 00 00 00
01 DB 00 04 01 B5 FF 9C 17 02 00 02 02 19 00 00
03 39 00 19 01 52 00 0E 17 02 00 00 02 04 00 00
03 CA 00 03 00 3C 00 0F 17 02 00 00 02 1A 00 00
01 02 00 2A FA 1D FF 9C 19 01 00 00 03 01 00 00
00 F4 00 26 FA 03 FF 9C 19 01 00 00 00 00 00 00
00 E0 00 28 F9 F8 FF F6 17 02 00 00 21 01 00 00
04 3D 00 2B FD 89 FF 9C 2E 01 00 00 24 00 FF 00
04 5C 00 2A FD 6A FF 9C 2E 01 00 00 24 00 FF 00
04 49 00 27 FD 73 FF 9C 19 01 00 00 28 1D 02 00
02 6B 00 A5 FC 28 FF 9C 19 01 00 02 03 01 00 00
02 5C 00 A3 FC 4D FF 9C 19 01 00 00 00 00 00 00
04 0C FF D9 FF 46 FF E2 17 02 00 00 22 01 00 00
03 E4 FF D7 FF 06 FF DD 17 02 00 02 22 04 00 00
02 F5 00 3C FD 25 FF F5 17 02 00 04 22 04 00 00
