04 FE 00 9B 00 D4 FF 9C 19 01 00 00 28 1D 06 00
03 A6 00 42 FF 32 FF 9C 19 01 00 00 22 04 00 00
FD EF 00 22 00 C9 FF 9C 19 01 00 00 00 00 00 00
FE 96 00 55 02 19 FF 9C 19 01 00 02 00 00 00 00
FE D1 00 58 01 54 FF 9C 19 01 00 00 00 00 00 00
FE B1 00 9A 03 8E FF 9C 19 01 00 00 00 00 00 00
06 41 00 9C 00 9C FF 9C 19 01 00 02 00 00 00 00
05 30 00 9A 01 98 00 08 17 02 00 00 03 01 00 00
05 6E 00 9C 01 1B FF 9C 19 01 00 00 00 00 00 00
05 EA 00 DA 01 9E 00 3B 17 02 00 02 22 04 00 00
03 25 00 1F FE 80 FF 9C 19 01 00 00 28 1D 03 00
02 F4 00 1F FE 77 FF 9C 2E 01 00 00 24 00 FF 00
02 FA 00 1A FE 5B FF 9C 2E 01 00 00 24 00 FF 00
03 19 00 1A FE 61 FF 9C 19 01 00 02 00 00 00 00
03 0A 00 1B FE 7C FF 9C 19 01 00 00 00 00 00 00
03 3B 00 1F FF 71 FF 9C 17 01 00 02 22 09 00 00
03 05 00 1F FF 86 FF A2 17 02 00 00 21 01 00 00
03 B8 00 1D FE 73 FF 9C 19 01 00 02 00 00 00 00
03 CF 00 1D FE 94 FF 9C 19 01 00 00 00 00 00 00
01 60 00 41 FF 05 FF 9C 19 01 00 02 02 1A 00 00
FF 4D 00 40 FE 43 FF A2 17 02 00 00 03 01 00 00
00 71 00 40 FE 01 FF 9C 19 01 00 02 00 00 00 00
01 4F 00 1C 00 6C FF 9C 19 01 00 00 00 00 00 00
01 B3 00 1C FF F1 FF 9C 19 01 00 00 00 00 00 00
01 5A 00 66 00 B9 FF 9C 19 01 00 00 00 00 00 00
FE 5D 00 0D FF 00 FF 9C 19 01 00 03 00 00 00 00
FE 9F 00 0E FE BF FF 9C 19 01 00 02 00 00 00 00
FF E6 00 0E FE EA 00 06 17 02 00 03 03 01 00 00
00 65 00 10 FE 7D FF FF 17 02 00 02 03 01 00 00
00 DD 00 0E FF 38 00 3E 17 02 00 04 03 01 00 00
00 D5 00 0F FE F7 00 36 17 02 00 00 03 01 00 00
00 BC 00 0C FE 99 00 24 17 02 00 00 03 01 00 00
FF 78 00 5C 00 FA FF 9C 19 01 00 00 00 00 00 00
00 2E 00 01 FF 74 FF E3 17 02 00 00 02 03 00 00
FF 43 00 1C FF CD 00 21 17 02 00 02 02 05 00 00
FF E5 00 1C FF E8 FF 9C 2E 01 00 00 24 00 FF 00
FF 63 00 1E 00 50 FF B0 17 02 00 00 03 01 00 00
FF E8 00 20 00 79 FF A5 17 02 00 03 22 04 00 00
FF 3F 00 41 00 51 FF 9C 19 01 00 03 03 01 00 00
02 B7 00 59 FF 67 00 24 17 02 00 00 28 1D 04 00
02 18 00 59 FF 7D FF 9C 19 01 00 03 02 04 00 00
02 A6 00 3F FF 40 FF 9C 19 01 00 03 22 03 00 00
02 50 00 3D FF 42 FF 9C 19 01 00 02 02 15 00 00
03 E3 00 3D FE C5 FF 9C 19 01 00 00 00 00 00 00
03 F2 00 3E FE DA FF 9C 19 01 00 04 02 00 00 00
03 F7 00 7F FF A6 00 23 17 02 00 04 02 0E 00 00
03 F0 00 7D FF 57 FF 9C 19 01 00 04 22 03 00 00
03 93 00 7E FF 5B FF 9C 19 01 00 04 00 00 00 00
04 64 00 80 01 3B FF 9C 2E 01 00 00 24 00 FF 00
04 73 00 83 01 12 FF 9C 2E 01 00 00 24 00 FF 00
04 30 00 99 01 D1 FF 9C 19 01 00 04 02 14 00 00
04 46 00 84 01 BB FF 9C 19 01 00 00 22 01 00 00
04 8F 00 83 01 C0 00 50 17 02 00 02 22 03 00 00
03 C8 00 6E 00 D5 FF 9C 19 01 00 00 28 1D 05 00
03 F8 00 80 01 41 FF 9C 19 01 00 00 00 00 00 00
04 00 00 7F 00 F0 FF FB 19 01 00 03 21 01 00 00
03 B9 00 7F 00 A9 FF 9C 19 01 00 04 03 01 00 00
FF 10 00 1C FF F8 FF 9C 19 01 00 03 00 00 00 00
FE 64 00 1D FF 59 FF 9C 19 01 00 00 02 16 00 00
FE 0F 00 3F 00 9F 00 1D 17 02 00 02 02 19 00 00
FE 45 00 3E 00 8F 00 3B 17 02 00 00 02 08 00 00
FE 22 00 24 01 7D FF B1 17 02 00 02 22 04 00 00
FE 6B 00 43 01 13 FF 9C 19 01 00 02 22 01 00 00
FE 78 00 43 00 FC FF 9C 19 01 00 00 28 1D 01 00
FF 07 00 5A 01 4D FF 9C 19 01 00 02 00 00 00 00
FF 8E 00 74 01 B2 00 0F 17 02 00 04 03 01 00 00
FF BB 00 7A 01 E2 FF 9C 2E 01 00 00 24 00 FF 00
FF CA 00 7A 01 EB FF 9C 19 01 00 03 22 03 00 00
00 48 00 84 02 86 00 20 17 02 00 00 02 0A 00 00
FF D9 00 82 02 F4 FF 9C 19 01 00 03 03 01 00 00
FF B8 00 98 03 18 FF 9C 19 01 00 00 00 00 00 00
FE DD 00 55 02 09 00 4B 17 02 00 02 03 01 00 00
FE B7 00 56 02 20 00 4A 17 02 00 00 22 04 00 00
FE C4 00 0E FE C1 00 14 17 02 00 03 22 01 00 00
00 EF 00 1F 00 A9 00 5B 17 02 00 00 03 01 00 00
00 C7 00 20 00 AE FF 9C 17 02 00 03 02 00 00 00
00 1A FF FB FD 67 00 1B 17 02 00 00 02 06 00 00
00 21 00 05 FF F1 FF DC 19 01 00 02 21 01 00 00
