01 1E FF C1 FF 51 FF 9C 19 01 00 04 00 00 00 00
FF E2 00 00 00 DD 00 00 19 01 00 00 28 1D 02 00
00 15 00 00 FF 9A 00 00 19 01 00 04 02 09 00 00
FF 4E 00 20 FF 7E 00 00 19 01 00 04 04 02 00 00
01 02 FF C3 FF D1 FF 9C 17 02 00 04 02 10 00 00
FF B3 00 00 FF 64 00 00 17 02 00 00 03 01 00 00
00 77 00 00 00 D6 00 39 17 02 00 02 02 05 00 00
FF 94 00 00 00 76 FF CE 17 02 00 00 22 01 00 00
FF C8 00 00 00 AA FF 9E 17 02 00 00 02 08 00 00
FF D0 00 00 FF 63 00 00 17 02 00 00 04 02 00 00
FF AA 00 00 00 85 FF 9C 17 02 00 03 22 04 00 00
00 01 00 00 FF EB 00 00 17 02 00 02 21 01 00 00
FF 1D 00 20 00 C7 FF B5 17 02 00 03 02 03 00 00
00 AA 00 00 00 B7 FF 9C 17 02 00 03 02 14 00 00
00 01 00 83 00 DC FF 9C 17 02 00 02 22 01 00 00
FE F1 00 20 FF 4E FF E7 17 02 00 00 21 01 00 00
FF 05 00 20 FF 75 FF DC 17 02 00 03 03 01 00 00
FF 15 00 20 00 74 FF BB 17 02 00 02 03 01 00 00
00 24 00 83 00 DD FF 9C 17 02 00 04 22 03 00 00
00 D5 00 00 00 63 00 31 17 02 00 00 22 01 00 00
00 2A 00 00 00 B3 00 31 17 02 00 02 22 03 00 00
01 1E FF C3 FF 81 00 5F 17 01 00 03 22 09 00 00
FF 05 00 20 FF A2 FF BF 17 02 00 00 22 04 00 00
FF 3D 00 20 00 76 FF 9C 19 01 00 00 28 1D 01 00
FF 46 00 20 00 6C FF 9C 19 01 00 00 02 04 00 00
FF 2C 00 20 FF 28 00 00 17 02 00 02 22 04 00 00
00 26 00 00 00 25 00 31 17 02 00 04 02 0F 00 00
FF 68 00 20 FF 76 FF 9C 19 01 00 00 03 01 00 00
FF 2D 00 20 00 D2 FF 9C 19 01 00 00 00 00 00 00
00 55 FF C3 FF 05 FF 9C 19 01 00 03 24 00 00 00
FF 12 00 20 00 0F FF 9C 19 01 00 02 00 00 00 00
FF BC 00 00 FF 2B FF E7 17 01 00 02 22 09 FF 00
00 DF FF C3 FF A5 FF 9C 19 01 00 00 28 1D 03 00
00 72 FF C3 FF 50 FF F3 19 01 00 00 02 00 00 00
FF B9 00 00 FF A2 FF 9C 19 01 00 03 02 1C 00 00
FF EC 00 00 FF 9E 00 19 19 01 00 04 24 00 00 00
00 31 00 00 FF 69 FF CE 17 02 00 02 02 16 00 00
