00 00 00 00 01 49 FF 9C 17 02 00 02 03 01 00 00
FF 92 00 00 FE CE FF CE 17 02 00 02 03 01 00 00
FF 6D 00 00 FE 60 FF DF 17 02 00 02 03 01 00 00
FF 4E 00 00 FE 94 FF DF 17 02 00 03 03 01 00 00
00 96 00 00 FE 63 00 21 17 02 00 04 03 01 00 00
00 B4 00 00 FE 97 00 21 17 02 00 00 03 01 00 00
FF 6C 00 00 00 1B FF CE 17 02 00 02 03 01 00 00
00 9C FF FF FF 18 00 00 17 02 00 02 03 01 00 00
FF 7D 00 00 FF 9B FF FB 17 02 00 00 03 01 00 00
00 8F 00 00 FF BF 00 0E 17 02 00 00 03 01 00 00
00 36 00 07 FE 5A 00 00 17 02 00 03 03 01 00 00
00 35 00 07 FE 8D 00 00 17 02 00 02 03 01 00 00
FF CC 00 08 FE 59 00 00 17 02 00 04 03 01 00 00
FF CC 00 08 FE 8D 00 00 17 02 00 00 03 01 00 00
00 00 00 07 FE 3B 00 00 17 02 00 04 03 01 00 00
FF ED 00 14 FE 5B FF EA 17 01 00 03 22 09 00 00
00 14 00 14 FE 5B 00 16 17 01 00 02 22 09 00 00
FF B9 00 16 FD A4 FF EF 17 02 00 04 03 01 00 00
FF D6 00 16 FD 94 FF ED 17 02 00 00 03 01 00 00
00 2B 00 17 FD 92 00 12 17 02 00 02 03 01 00 00
00 47 00 17 FD A5 00 14 17 02 00 03 03 01 00 00
00 96 00 00 00 62 00 12 17 02 00 03 03 01 00 00
00 89 00 00 00 BF 00 3B 17 02 00 00 03 01 00 00
FF 63 00 00 00 4D 00 00 17 02 00 00 03 01 00 00
FF 78 00 00 00 B6 FF E5 17 02 00 04 03 01 00 00
00 9A 00 00 FE DB 00 32 17 02 00 00 03 01 00 00
00 98 00 00 FF 72 00 3F 17 02 00 00 03 01 00 00
00 8F 00 00 01 14 00 37 17 02 00 00 03 01 00 00
FF 7B 00 00 01 14 FF C9 17 02 00 00 03 01 FF 00
FF 66 00 00 FE E3 FF D0 17 02 00 00 03 01 00 00
FF 6B 00 00 FF 52 FF FA 17 02 00 00 03 01 00 00
01 13 00 00 00 00 00 31 17 02 00 02 02 0D 00 00
FE EF 00 00 00 00 FF CE 17 02 00 03 02 13 00 00
