04 37 FF E6 02 54 FF 9C 19 01 00 04 02 10 00 00
03 35 00 00 00 AD FF 9C 19 01 00 00 28 1D 01 00
00 62 00 1E 02 1C 00 00 17 02 00 00 02 06 00 00
03 0C 00 03 01 72 FF 9C 19 01 00 02 02 19 00 00
00 8E FF C7 00 3F FF 9C 19 01 00 00 02 16 00 00
FF 3B 00 00 01 03 FF 9C 19 01 00 04 22 01 00 00
FF 49 00 01 01 17 FF 9C 19 01 00 02 00 00 00 00
FF A9 00 36 00 A9 FF 9C 19 01 00 04 00 00 00 00
00 86 FF 8F FF CC FF 9C 19 01 00 02 22 01 00 00
FF 9D 00 3B 01 B1 00 4C 17 01 00 03 22 09 00 00
00 FF FF B7 00 26 FF 9C 19 01 00 00 22 03 00 00
FE B4 00 00 00 E0 FF 9C 19 01 00 00 28 1D 02 00
04 03 00 00 02 C5 FF 9C 19 01 00 04 03 01 00 00
04 1E 00 00 02 CE FF 9C 19 01 00 00 28 1D 03 00
04 0D 00 01 02 B4 FF 9C 19 01 00 00 00 00 00 00
03 88 00 00 02 42 FF 9C 19 01 00 00 00 00 00 00
02 E8 00 00 01 8B FF 9C 19 01 00 00 28 1D 04 00
02 DB 00 01 02 27 FF 9C 19 01 00 00 00 00 00 00
03 0E 00 04 02 58 FF 9C 19 01 00 03 22 03 00 00
FE B4 00 00 FF C7 FF 9C 19 01 00 00 03 01 00 00
FE A4 00 00 FF F4 FF 9C 19 01 00 03 22 01 00 00
FE 8F 00 00 FF CD FF 9C 19 01 00 03 00 00 00 00
FE BD 00 00 FF DE FF 9C 19 01 00 04 22 04 00 00
FF 10 00 00 00 FA 00 1A 17 02 00 03 02 00 00 00
FF 4A 00 00 02 1A 00 1F 17 02 00 02 02 13 00 00
FF 54 00 00 01 B4 00 29 17 02 00 04 22 03 00 00
FF 4A 00 00 01 E6 00 34 17 02 00 00 03 01 00 00
02 79 FF E1 00 62 FF 9C 19 01 00 00 22 04 00 00
02 12 00 00 00 93 FF 9C 19 01 00 03 02 04 00 00
01 D4 00 00 00 3F FF FF 19 01 00 02 21 01 00 00
01 DA 00 00 00 88 FF 9C 19 01 00 00 03 01 00 00
02 23 00 00 00 58 FF 9C 19 01 00 02 22 03 00 00
02 8C FF E1 00 5E FF 9C 19 01 00 03 00 00 00 00
01 7F FF B5 02 A6 FF 9C 19 01 00 03 03 01 00 00
01 80 FF B5 02 83 FF 9C 19 01 00 00 00 00 00 00
01 4E FF B7 02 3D FF 9C 19 01 00 00 24 00 FF 00
01 26 FF B7 02 6E FF FB 17 02 00 00 22 01 00 00
02 66 FF B4 02 8C FF 9C 19 01 00 02 00 00 00 00
02 9F FF B5 02 9D FF 9C 19 01 00 00 02 1A 00 00
02 89 FF B5 02 91 00 03 17 02 00 00 21 01 00 00
02 B8 FF B4 02 9C 00 07 17 02 00 02 22 04 00 00
00 D0 00 33 01 F5 00 00 17 02 00 00 22 04 00 00
01 EB FF EE 01 24 FF 9C 17 02 00 00 02 10 00 00
