FF 0F 00 2C FF 2E FF 9C 19 01 00 00 28 1D 04 00
FF F8 00 00 00 B9 FF 9C 19 01 00 00 28 1D 03 00
FF 38 00 1B 00 D0 FF 9C 19 01 00 02 00 00 00 00
00 21 00 00 FF CA FF 9C 19 01 00 00 00 00 00 00
FF 4F 00 00 FF F2 FF 9C 19 01 00 00 00 00 00 00
FF C9 00 37 FF 28 FF 9C 19 01 00 00 00 00 00 00
00 72 00 37 FF AD 00 00 19 01 00 02 00 00 00 00
FD A4 00 1A FF BE FF CE 17 02 00 00 03 01 00 00
00 41 00 00 FF C9 00 00 19 01 00 03 00 00 00 00
FF 31 00 22 FF 89 00 00 19 01 00 03 04 02 00 00
FF 83 00 37 FF 5D 00 00 19 01 00 04 00 00 00 00
FE 26 FF E9 FF 5B 00 00 17 02 00 00 03 01 00 00
00 B8 FF E2 FF EC 00 00 17 02 00 00 03 01 00 00
01 04 00 81 FF 6F 00 31 17 02 00 04 22 01 00 00
00 BC 00 4D FF 60 00 31 17 02 00 03 22 01 00 00
00 E0 00 81 FF 49 00 18 17 02 00 00 02 08 00 00
00 6B 00 37 FF 84 00 31 17 02 00 02 02 04 00 00
00 63 00 37 FF 64 00 31 17 02 00 00 22 01 00 00
00 8C 00 37 FF 41 00 31 17 01 00 03 22 09 00 00
00 48 00 37 FF 22 00 0F 17 02 00 02 03 01 00 00
00 17 00 37 FF A0 00 4A 17 02 00 02 22 01 00 00
FE F6 00 1A 00 7B FF CE 17 02 00 00 28 1D 01 00
FF 06 00 1A 00 BE FF B5 17 02 00 03 22 04 00 00
FD E1 00 37 FF 99 FF E7 17 02 00 02 22 03 00 00
FE 3A FF E7 00 B0 FF 9C 17 02 00 04 22 04 00 00
FF 74 00 37 FF 2C 00 00 17 02 00 04 02 19 00 00
00 B4 FF E2 00 43 FF 9C 19 01 00 04 02 0C 00 00
FE C5 00 1A 00 6C FF 9C 19 01 00 03 02 0D 00 00
FF F7 00 00 00 6C FF 9C 19 01 00 00 02 18 FF 00
FF 2F 00 00 FF CD 00 00 19 01 00 00 21 01 00 00
FE C5 00 1B FF 9D 00 00 17 02 00 00 02 17 00 00
FF A4 00 00 00 52 FF 9C 19 01 00 02 02 1C FF 00
FD A4 00 1A 00 2B FF CE 17 02 00 00 22 08 00 00
