FF 20 01 70 00 61 00 00 19 01 00 00 24 00 00 00
FF D5 01 FF FF FE FF F6 17 02 00 02 22 04 00 00
00 25 02 00 FF D8 00 22 17 02 00 00 22 01 00 00
FF 70 02 45 FF A3 00 00 17 02 00 02 22 01 00 00
FF 06 02 45 FF 61 FF DD 17 02 00 03 02 05 00 00
FF C0 00 E0 01 BE 00 00 17 02 00 00 03 01 00 00
FF 13 01 B8 FF B9 FF EC 17 01 00 03 22 09 00 00
FF 5C 01 71 00 3B 00 15 17 02 00 00 03 01 00 00
FF 83 02 45 FF 76 00 06 17 02 00 00 22 03 00 00
FF B5 00 E0 01 6D FF F1 19 01 00 00 24 00 00 00
FF 5F 01 71 00 81 FF 9C 19 01 00 00 03 01 00 00
FE F0 00 E0 01 2E 00 3C 19 01 00 03 22 03 00 00
FF D3 01 FE FF A8 FF FD 17 02 00 04 02 04 00 00
FF 37 02 45 FF 3C FF 9C 19 01 00 00 24 00 00 00
FF AE 02 00 FF E4 FF 9C 19 01 00 00 28 1D 02 00
FF 6E 01 B9 00 15 FF 9C 19 01 00 00 24 00 00 00
FF 3F 02 45 FF 2A FF 9C 19 01 00 04 00 00 00 00
FF 26 02 45 FF 39 FF 9C 19 01 00 00 02 00 00 00
FF 98 01 2A 00 92 FF 9C 19 01 00 00 02 10 00 00
00 08 02 00 FF 9A FF 9C 19 01 00 00 00 00 00 00
FF C7 00 DF 01 72 FF 9C 19 01 00 00 22 01 00 00
