FC C6 00 8E 01 1C FF 9C 19 01 00 03 00 00 00 00
00 10 00 8D 00 1A FF BA 19 01 00 03 21 01 00 00
03 20 00 8E FF A0 00 2F 17 02 00 02 22 08 00 00
00 09 00 8D 00 04 FF 9C 19 01 00 02 02 15 00 00
FC FE 00 8D 00 DB FF F3 17 02 00 03 02 0E 00 00
01 95 00 8D FE 9C FF 9C 2E 01 00 00 24 00 FF 00
03 10 00 8D FF 7D FF 9C 2E 01 00 00 24 00 FF 00
03 0D 00 8D FF D6 FF 9C 19 01 00 00 28 1D 01 00
03 1E 00 8D FF CC FF 9C 2E 01 00 02 24 00 FF 00
02 1A 00 B5 FE F1 00 0B 17 02 00 04 22 01 00 00
03 04 00 8D FF 71 FF 9C 19 01 00 00 04 02 00 00
00 A0 00 8E FE DB FF 9C 2E 01 00 02 24 00 00 00
00 C1 00 B4 FE 8C 00 12 19 01 00 00 22 03 00 00
00 77 00 65 00 50 FF 9C 19 01 00 02 00 00 00 00
FE DA 00 A7 00 9C FF 9C 19 01 00 02 00 00 00 00
FE 3C 00 A5 00 98 FF 9C 19 01 00 02 22 03 00 00
01 72 00 8D FE 9D FF 9C 19 01 00 02 04 02 00 00
02 3A 00 8D FF 2E FF 9C 19 01 00 02 00 00 00 00
02 8E 00 BA FE DE FF 9C 19 01 00 00 00 00 00 00
FF 61 00 A5 00 56 FF 9C 19 01 00 00 00 00 00 00
02 77 00 B5 FE BE 00 16 17 02 00 00 22 04 00 00
00 A9 00 B5 FE BF FF E7 17 02 00 00 22 01 00 00
02 94 00 B6 FE F0 00 31 17 02 00 02 02 0D 00 00
02 79 00 B5 FF 15 00 13 17 02 00 02 03 01 00 00
FE 56 00 B5 00 93 FF E7 17 02 00 03 22 03 00 00
FD 8F 00 8E 00 F6 00 07 17 02 00 04 21 01 00 00
FF 76 00 A5 00 73 FF F8 17 02 00 02 03 01 00 00
FF 84 00 A5 00 53 00 10 17 02 00 00 22 01 00 00
00 A8 00 66 00 18 FF D4 17 02 00 00 03 01 00 00
00 57 00 65 FF 97 FF D5 17 02 00 02 21 01 00 00
00 B8 00 8F FF 15 FF E5 17 02 00 04 03 01 00 00
01 2B 00 8F FE D3 FF 9C 19 01 00 00 00 00 00 00
01 6E 00 65 FF 28 FF EA 17 02 00 03 03 01 00 00
00 E8 00 B6 FE BD FF 9C 19 01 00 00 00 00 00 00
01 A6 00 8C FE E1 FF E5 17 02 00 00 22 01 00 00
00 F3 00 B4 FE 7E 00 18 17 02 00 03 22 04 00 00
02 B4 00 8D FF AF FF F6 17 02 00 00 03 01 00 00
01 76 00 90 FE B7 00 05 17 02 00 00 21 01 00 00
FC DC 00 63 01 73 FF E0 17 02 00 04 22 04 00 00
FD 0D 00 64 01 67 FF EA 17 02 00 02 22 01 00 00
FC E8 00 64 01 4A FF ED 17 01 00 03 22 09 00 00
FD 2E 00 64 01 6D FF F8 17 02 00 00 02 00 00 00
FD 50 00 8F 01 17 FF FA 17 02 00 00 22 01 00 00
FE 9A 00 A5 00 BB FF 9C 19 01 00 00 00 00 00 00
FE BB 00 B4 00 5E 00 09 17 02 00 02 22 04 00 00
FE 99 00 B4 00 6F 00 03 17 02 00 00 02 07 00 00
FE E7 00 A5 00 B0 FF D2 17 02 00 00 22 03 00 00
01 CC 00 64 FF 11 FF E5 19 01 00 00 02 06 00 00
00 F4 00 65 FF 33 FF F9 17 02 00 00 22 03 00 00
