FF 54 00 07 00 66 FF 9C 19 01 00 00 28 1D 01 00
FE F8 00 07 FE 69 FF EC 17 02 00 03 02 06 FF 00
FE E1 00 07 FF 2A FF 9C 19 01 00 02 24 00 00 00
FF 33 00 07 FF EB FF F0 17 02 00 00 03 01 00 00
FF 17 00 07 FF BF FF FD 17 02 00 03 03 01 00 00
00 C2 00 07 FE 04 FF 9C 19 01 00 00 02 1A 00 00
00 5D 00 07 FE 01 FF 9C 19 01 00 00 24 00 00 00
00 DF 00 07 FF C9 00 0F 17 02 00 04 02 00 00 00
00 CC 00 07 FF E6 00 2D 17 02 00 02 22 03 00 00
00 15 00 07 FD E6 00 1B 17 01 00 00 22 09 FF 00
00 3E 00 07 FF 05 00 19 17 02 00 01 03 01 FF 00
FE B4 00 07 00 AD FF B4 19 01 00 00 22 03 00 00
FF CE 00 07 FE 2F 00 1A 17 02 00 00 21 01 00 00
00 9D 00 07 00 E3 00 35 17 02 00 00 22 01 FF 00
00 DD 00 07 FF 7A 00 32 17 02 00 03 22 04 00 00
FF F1 00 07 FF 32 FF 9C 19 01 00 03 22 01 FF 00
FE F3 00 07 FF 23 FF 9C 19 01 00 04 22 01 FF 00
FF 6A 00 07 00 86 00 00 17 02 00 00 22 04 00 00
FF 8D 00 07 FF D0 FF F8 17 02 00 00 02 07 FF 00
FE AC 00 07 FF C4 00 0D 17 02 00 02 03 01 00 00
FF 36 00 07 FE 26 00 00 17 02 00 00 22 01 00 00
00 82 00 07 FE ED 00 12 17 02 00 03 22 03 00 00
FF B2 00 07 FE 40 FF 9C 19 01 00 00 22 04 00 00
FF 89 00 07 FE 2B FF 9C 19 01 00 02 22 01 FF 00
FF A2 00 07 FF 28 00 00 19 01 00 04 21 01 FF 00
00 38 00 07 00 C5 00 32 19 01 00 02 21 01 00 00
00 1F 00 07 FF 6A FF 9C 19 01 00 02 02 12 FF 00
00 E2 00 07 FF 2C FF 9C 19 01 00 04 22 03 00 00
00 C8 00 07 FF 2B FF 9C 19 01 00 00 24 00 00 00
FE FC 00 07 FE 21 FF F8 17 02 00 03 04 02 00 00
00 82 00 07 FD F1 00 00 17 02 00 04 03 01 00 00
FF C0 00 07 FE E4 00 1A 17 02 00 04 04 02 00 00
00 AC 00 07 FF 22 00 0B 17 02 00 02 02 09 00 00
FE FF 00 07 00 94 FF D5 17 02 00 02 02 04 00 00
00 C6 00 07 00 67 FF 9C 19 01 00 03 02 16 FF 00
FF CE 00 07 00 95 FF 9C 19 01 00 04 02 03 FF 00
FF A2 00 07 00 5E 00 24 17 02 00 00 03 01 FF 00
