00 00 34 00 02 00 00 00 18 99 28 E0 74 4C 0B E0 00 10 00 80 00 00 80 3F 00 00 80 3F 00 00 80 3F 66 66 95 42 00 00 20 42 00 00 00 00 00 00 38 41 00 00 30 41 00 00 00 00 01 00 00 0C 
01 00 35 00 02 00 00 00 78 98 28 E0 88 4C 0B E0 00 10 00 80 00 00 80 3F 00 00 80 3F 00 00 5C C2 66 26 DD 42 00 00 9C C1 00 00 00 00 00 00 38 41 00 00 30 41 00 00 00 00 01 00 00 0C 
02 00 36 00 02 00 00 00 78 98 28 E0 9C 4C 0B E0 00 10 00 80 00 00 80 3F 00 00 80 3F 00 00 51 C2 66 66 95 42 00 00 2D 42 00 00 00 00 00 00 38 41 00 00 30 41 00 00 00 00 01 00 00 0C 
03 00 37 00 02 00 00 00 78 98 28 E0 B0 4C 0B E0 00 10 00 80 00 00 80 3F 00 00 80 3F 00 00 B8 C1 33 33 00 43 00 00 40 C0 00 00 00 00 00 00 38 41 00 00 30 41 00 00 00 00 01 00 00 0C 
04 00 38 00 02 00 00 00 78 98 28 E0 C4 4C 0B E0 00 10 00 80 00 00 80 3F 00 00 80 3F 00 00 48 C1 CD 0C 63 42 00 00 60 42 00 00 00 00 00 00 38 41 00 00 30 41 00 00 00 00 01 00 00 0C 
05 00 39 00 02 00 00 00 20 98 28 E0 D8 4C 0B E0 00 10 00 80 00 00 80 3F 00 00 80 3F 00 80 A0 C2 CD CC 62 42 00 80 A1 42 00 00 00 00 00 00 38 41 00 00 30 41 00 00 00 00 01 00 00 0C 
06 00 3A 00 02 00 00 00 78 98 28 E0 EC 4C 0B E0 00 10 00 80 00 00 80 3F 00 00 80 3F 00 00 34 C2 66 E6 B8 42 00 00 08 41 00 00 00 00 00 00 38 41 00 00 30 41 00 00 00 00 01 00 00 0C 
07 00 3B 00 02 00 00 00 78 98 28 E0 00 4D 0B E0 00 10 00 80 00 00 80 3F 00 00 80 3F 00 00 8E C1 33 33 34 43 00 00 B0 C2 00 00 00 00 00 00 38 41 00 00 30 41 00 00 00 00 01 00 00 0C 
08 00 3C 00 02 00 00 00 78 98 28 E0 14 4D 0B E0 00 10 00 80 00 00 80 3F 00 00 80 3F 00 00 2A C2 33 B3 11 43 00 00 D6 C1 00 00 00 00 00 00 38 41 00 00 30 41 00 00 00 00 01 00 00 0C 
09 00 3D 00 02 00 00 00 A0 97 28 E0 28 4D 0B E0 00 10 00 80 00 00 80 3F 00 00 80 3F 00 00 07 C2 66 66 95 42 00 00 21 42 00 00 00 00 00 00 38 41 00 00 30 41 00 00 00 00 01 00 00 0C 
0A 00 3E 00 02 00 00 00 78 98 28 E0 3C 4D 0B E0 00 10 00 80 00 00 80 3F 00 00 80 3F 00 00 A0 40 CD 0C 63 42 00 80 8B 42 00 00 00 00 00 00 38 41 00 00 30 41 00 00 00 00 01 00 00 0C 
0B 00 3F 00 02 00 00 00 78 98 28 E0 50 4D 0B E0 00 10 00 80 00 00 80 3F 00 00 80 3F 00 00 08 C2 41 75 52 42 00 80 9C 42 00 00 00 00 00 00 38 41 00 00 30 41 00 00 00 00 01 00 00 0C 
0C 00 40 00 02 00 00 00 D8 98 28 E0 64 4D 0B E0 00 10 00 80 00 00 80 3F 00 00 80 3F 00 00 7C C1 FF 14 F4 42 00 00 34 41 00 00 00 00 00 00 38 41 00 00 30 41 00 00 00 00 01 00 00 0C 
0D 00 41 00 03 00 00 00 EC B8 28 E0 00 00 00 00 00 10 00 80 00 00 80 3F 00 00 80 3F 00 00 02 C2 66 26 DD 42 00 00 40 BF 00 00 00 00 00 00 48 41 00 00 40 41 00 00 00 00 02 00 00 10 
16 00 42 00 02 00 00 00 D8 98 28 E0 78 4D 0B E0 00 10 00 80 00 00 80 3F 00 00 80 3F 00 00 48 C1 CD 0C 63 42 00 00 EF 42 00 00 00 00 00 00 38 41 00 00 30 41 00 00 00 00 01 00 00 0C 
17 00 43 00 03 00 00 00 04 B9 28 E0 00 00 00 00 01 90 00 80 00 00 80 3F 00 00 80 3F 00 00 A0 C1 33 33 00 43 00 00 80 3F 00 00 00 00 00 00 80 BF 00 00 00 00 00 00 00 00 02 00 00 10 
18 00 44 00 03 00 00 00 FC B8 28 E0 00 00 00 00 01 90 00 80 00 00 80 3F 00 00 80 3F 00 00 50 C0 33 33 34 43 00 00 AE C2 00 00 00 00 00 00 80 BF 00 00 00 00 00 00 00 00 02 00 00 10 
19 00 45 00 02 00 00 00 40 99 28 E0 8C 4D 0B E0 00 10 00 80 00 00 80 3F 00 00 80 3F 00 00 96 C1 33 33 00 43 00 00 80 C1 00 00 00 00 00 00 38 41 00 00 30 41 00 00 00 00 01 00 00 0C 
1A 00 46 00 02 00 00 00 D0 97 28 E0 A0 4D 0B E0 00 10 00 80 00 00 80 3F 00 00 80 3F 00 00 F8 C1 33 B3 11 43 00 00 61 C2 00 00 00 00 00 00 38 41 00 00 30 41 00 00 00 00 01 00 00 0C 
1B 00 47 00 02 00 00 00 A0 97 28 E0 B4 4D 0B E0 00 10 00 80 00 00 80 3F 00 00 80 3F 00 00 80 3F CD 0C 63 42 00 C0 02 43 00 00 00 00 00 00 38 41 00 00 30 41 00 00 00 00 01 00 00 0C 
1C 00 48 00 02 00 00 00 78 98 28 E0 C8 4D 0B E0 00 10 00 80 00 00 80 3F 00 00 80 3F 00 00 3C 41 CD 0C 63 42 00 80 E4 42 00 00 00 00 00 00 38 41 00 00 30 41 00 00 00 00 01 00 00 0C 
1D 00 49 00 03 00 00 00 FC B8 28 E0 00 00 00 00 01 90 00 80 00 00 80 3F 00 00 80 3F 00 00 2E C2 33 B3 11 43 00 00 14 C2 00 00 00 00 00 00 80 BF 00 00 00 00 00 00 00 00 02 00 00 10 
1E 00 4A 00 00 00 00 00 D0 34 2F E0 00 00 00 00 01 90 00 80 00 00 80 3F 00 00 80 3F 00 00 64 C2 66 E6 B8 42 00 00 00 42 00 00 0C C0 00 00 80 BF 00 00 00 00 00 00 00 00 11 00 00 58 
1F 00 4B 00 02 00 00 00 08 B4 2C E0 00 00 00 00 01 90 00 80 00 00 80 3F 00 00 80 3F 00 00 0F C2 33 B3 11 43 00 00 5A C2 00 00 80 3E 00 00 80 BF 00 00 00 00 00 00 00 00 06 00 00 2C 
21 00 4C 00 03 00 00 00 14 2C 2D E0 DC 4D 0B E0 01 90 00 80 00 00 80 3F 00 00 80 3F 00 00 6F C2 66 26 DD 42 00 00 40 C1 00 00 10 3F 00 00 00 00 00 00 00 00 00 00 00 00 06 00 00 2C 
25 00 4D 00 00 00 00 00 D0 34 2F E0 00 00 00 00 01 90 00 80 00 00 80 3F 00 00 80 3F 00 00 7A C2 33 B3 11 43 00 00 3D C2 00 00 98 BF 00 00 80 BF 00 00 00 00 00 00 00 00 11 00 00 58 
26 00 4E 00 00 00 00 00 D0 34 2F E0 00 00 00 00 01 90 00 80 00 00 80 3F 00 00 80 3F 00 00 48 41 33 33 00 43 00 00 40 BF 00 00 C8 3F 00 00 80 BF 00 00 00 00 00 00 00 00 11 00 00 58 
27 00 4F 00 00 00 00 00 D8 34 2F E0 00 00 00 00 01 90 00 80 00 00 80 3F 00 00 80 3F 00 00 14 41 33 33 00 43 00 00 C4 C1 00 00 88 3F 00 00 80 BF 00 00 00 00 00 00 00 00 11 00 00 58 
28 00 50 00 00 00 00 00 D8 34 2F E0 00 00 00 00 01 90 00 80 00 00 80 3F 00 00 80 3F 00 80 80 C2 66 E6 B8 42 00 00 88 41 00 00 9C BF 00 00 80 BF 00 00 00 00 00 00 00 00 11 00 00 58 
29 00 51 00 00 00 00 00 D0 34 2F E0 00 00 00 00 01 90 00 80 00 00 80 3F 00 00 80 3F 00 00 13 C2 66 26 DD 42 00 00 68 C1 00 00 00 00 00 00 80 BF 00 00 00 00 00 00 00 00 11 00 00 58 
2A 00 52 00 00 00 00 00 D8 34 2F E0 00 00 00 00 01 90 00 80 00 00 80 3F 00 00 80 3F 00 00 7D C2 33 B3 11 43 00 00 E0 C1 00 00 04 C0 00 00 80 BF 00 00 00 00 00 00 00 00 11 00 00 58 
2B 00 53 00 00 00 00 00 D0 34 2F E0 00 00 00 00 01 90 00 80 00 00 80 3F 00 00 80 3F 00 00 2C 41 CD 0C 63 42 00 00 F9 42 00 00 06 40 00 00 80 BF 00 00 00 00 00 00 00 00 11 00 00 58 
2C 00 54 00 00 00 00 00 D8 34 2F E0 00 00 00 00 01 90 00 80 00 00 80 3F 00 00 80 3F 00 00 90 C0 33 33 00 43 00 00 E2 C1 00 00 A0 BE 00 00 80 BF 00 00 00 00 00 00 00 00 11 00 00 58 
2D 00 55 00 00 00 00 00 D0 34 2F E0 00 00 00 00 01 90 00 80 00 00 80 3F 00 00 80 3F 00 00 40 3F 66 66 95 42 00 00 F4 41 00 00 90 3F 00 00 80 BF 00 00 00 00 00 00 00 00 11 00 00 58 
2E 00 56 00 00 00 00 00 D0 34 2F E0 00 00 00 00 01 90 00 80 00 00 80 3F 00 00 80 3F 00 00 7D C2 00 00 60 42 00 80 85 42 00 00 18 BF 00 00 80 BF 00 00 00 00 00 00 00 00 11 00 00 58 
2F 00 57 00 00 00 00 00 D8 34 2F E0 00 00 00 00 01 90 00 80 00 00 80 3F 00 00 80 3F 00 00 2D C2 66 66 95 42 00 00 23 42 00 00 00 00 00 00 80 BF 00 00 00 00 00 00 00 00 11 00 00 58 
30 00 58 00 00 00 00 00 D0 34 2F E0 00 00 00 00 01 90 00 80 00 00 80 3F 00 00 80 3F 00 00 09 C2 66 E6 B8 42 00 00 98 41 00 00 30 3F 00 00 80 BF 00 00 00 00 00 00 00 00 11 00 00 58 
31 00 59 00 00 00 00 00 D8 34 2F E0 00 00 00 00 01 90 00 80 00 00 80 3F 00 00 80 3F 00 00 DA C1 66 26 DD 42 00 00 E0 3F 00 00 B0 3F 00 00 80 BF 00 00 00 00 00 00 00 00 11 00 00 58 
32 00 5A 00 00 00 00 00 D8 34 2F E0 00 00 00 00 01 90 00 80 00 00 80 3F 00 00 80 3F 00 00 33 C2 66 26 DD 42 00 00 82 C1 00 00 28 3F 00 00 80 BF 00 00 00 00 00 00 00 00 11 00 00 58 
33 00 5B 00 00 00 00 00 D0 34 2F E0 00 00 00 00 01 90 00 80 00 00 80 3F 00 00 80 3F 00 00 E2 C1 33 33 00 43 00 00 96 C1 00 00 8C BF 00 00 80 BF 00 00 00 00 00 00 00 00 11 00 00 58 
34 00 5C 00 00 00 00 00 E0 34 2F E0 00 00 00 00 01 90 00 80 00 00 80 3F 00 00 80 3F 00 00 CC C1 33 B3 11 43 00 00 67 C2 00 00 B0 3E 00 00 80 BF 00 00 00 00 00 00 00 00 11 00 00 58 
35 00 5D 00 00 00 00 00 E0 34 2F E0 00 00 00 00 01 90 00 80 00 00 80 3F 00 00 80 3F 00 00 9B C2 CD CC 62 42 00 80 B3 42 00 00 10 C0 00 00 80 BF 00 00 00 00 00 00 00 00 11 00 00 58 
36 00 5E 00 00 00 00 00 D0 34 2F E0 00 00 00 00 01 90 00 80 00 00 80 3F 00 00 80 3F 00 00 3B C2 66 E6 B8 42 00 00 40 BF 00 00 00 00 00 00 80 BF 00 00 00 00 00 00 00 00 11 00 00 58 
37 00 5F 00 00 00 00 00 D0 34 2F E0 00 00 00 00 01 90 00 80 00 00 80 3F 00 00 80 3F 00 00 58 41 CD 0C 63 42 00 00 9A 42 00 00 B0 3F 00 00 80 BF 00 00 00 00 00 00 00 00 11 00 00 58 
38 00 60 00 00 00 00 00 E0 34 2F E0 00 00 00 00 01 90 00 80 00 00 80 3F 00 00 80 3F 00 00 47 C2 00 40 23 43 00 00 9F C2 00 00 C8 BF 00 00 80 BF 00 00 00 00 00 00 00 00 11 00 00 58 
39 00 61 00 00 00 00 00 D8 34 2F E0 00 00 00 00 01 90 00 80 00 00 80 3F 00 00 80 3F 00 00 96 C1 33 B3 11 43 00 00 52 C2 00 00 48 3F 00 00 80 BF 00 00 00 00 00 00 00 00 11 00 00 58 
3A 00 62 00 00 00 00 00 D0 34 2F E0 00 00 00 00 01 90 00 80 00 00 80 3F 00 00 80 3F 00 00 8A 41 CD 0C 63 42 00 80 D7 42 00 00 EC 3F 00 00 80 BF 00 00 00 00 00 00 00 00 11 00 00 58 
3B 00 63 00 03 00 00 00 14 2C 2D E0 F0 4D 0B E0 01 90 00 80 00 00 80 3F 00 00 80 3F 00 00 4D C2 66 E6 B8 42 00 00 90 41 00 00 30 3F 00 00 00 00 00 00 00 00 00 00 00 00 06 00 00 2C 
3F 00 64 00 02 00 00 00 08 B4 2C E0 00 00 00 00 01 90 00 80 00 00 80 3F 00 00 80 3F 00 00 30 C1 33 33 00 43 00 00 2C C1 00 00 A0 3F 00 00 80 BF 00 00 00 00 00 00 00 00 06 00 00 2C 
41 00 65 00 02 00 00 00 08 B4 2C E0 00 00 00 00 01 90 00 80 00 00 80 3F 00 00 80 3F 00 00 5A C2 CD CC 62 42 00 80 9A 42 00 00 B8 3F 00 00 80 BF 00 00 00 00 00 00 00 00 06 00 00 2C 
43 00 66 00 03 00 00 00 14 2C 2D E0 04 4E 0B E0 01 90 00 80 00 00 80 3F 00 00 80 3F 00 00 3D C2 33 B3 11 43 00 00 33 C2 00 00 78 3F 00 00 00 00 00 00 00 00 00 00 00 00 06 00 00 2C 
47 00 67 00 02 00 00 00 08 B4 2C E0 00 00 00 00 01 90 00 80 00 00 80 3F 00 00 80 3F 00 00 93 C2 CD CC 62 42 00 00 9E 42 00 00 D8 3F 00 00 80 BF 00 00 00 00 00 00 00 00 06 00 00 2C 
49 00 68 00 02 00 00 00 08 B4 2C E0 00 00 00 00 01 90 00 80 00 00 80 3F 00 00 80 3F 00 00 70 C1 CD 0C 63 42 00 80 8C 42 00 00 48 40 00 00 80 BF 00 00 00 00 00 00 00 00 06 00 00 2C 
4B 00 69 00 02 00 00 00 08 B4 2C E0 00 00 00 00 01 90 00 80 00 00 80 3F 00 00 80 3F 00 00 C2 C1 33 33 00 43 00 00 30 C1 00 00 94 3F 00 00 80 BF 00 00 00 00 00 00 00 00 06 00 00 2C 
4D 00 6A 00 02 00 00 00 08 B4 2C E0 00 00 00 00 01 90 00 80 00 00 80 3F 00 00 80 3F 00 00 50 C2 33 B3 11 43 00 00 57 C2 00 00 30 3F 00 00 80 BF 00 00 00 00 00 00 00 00 06 00 00 2C 
4F 00 6B 00 00 00 00 00 14 7F 2E E0 18 4E 0B E0 00 90 02 80 00 00 80 3F 00 00 80 3F 00 00 60 C2 66 E6 B8 42 00 00 C2 41 00 00 00 00 00 00 00 00 00 00 00 00 00 00 00 00 0A 00 00 3C 
50 00 6C 00 00 00 00 00 C8 C4 2E E0 00 00 00 00 01 90 02 80 00 00 80 3F 00 00 80 3F 00 00 2C C1 33 33 00 43 00 00 00 BF 00 00 A0 BE 00 00 80 BF 00 00 00 00 00 00 00 00 0D 00 00 48 
52 00 6D 00 00 00 00 00 C8 C4 2E E0 00 00 00 00 01 90 02 80 00 00 80 3F 00 00 80 3F 00 00 14 41 33 33 00 43 00 00 20 C1 00 00 88 3F 00 00 80 BF 00 00 00 00 00 00 00 00 0D 00 00 48 
54 00 6E 00 00 00 00 00 C8 C4 2E E0 00 00 00 00 01 90 02 80 00 00 80 3F 00 00 80 3F 00 00 10 C2 33 B3 11 43 00 00 BA C1 00 00 00 00 00 00 80 BF 00 00 00 00 00 00 00 00 0D 00 00 48 
56 00 6F 00 00 00 00 00 C8 C4 2E E0 00 00 00 00 01 90 02 80 00 00 80 3F 00 00 80 3F 00 00 7A C2 33 B3 11 43 00 00 1F C2 00 00 8C BF 00 00 80 BF 00 00 00 00 00 00 00 00 0D 00 00 48 
58 00 70 00 00 00 00 00 C8 C4 2E E0 00 00 00 00 01 90 02 80 00 00 80 3F 00 00 80 3F 00 00 80 C1 CD 0C 63 42 00 00 DF 42 00 00 00 00 00 00 80 BF 00 00 00 00 00 00 00 00 0D 00 00 48 
5A 00 71 00 00 00 00 00 D8 9F 2E E0 2C 4E 0B E0 01 90 02 80 00 00 80 3F 00 00 80 3F 00 00 6D C2 66 26 DD 42 00 00 8E C1 00 00 20 BF 00 00 00 00 00 00 00 00 00 00 00 00 0C 00 00 44 
5C 00 72 00 00 00 00 00 C8 C4 2E E0 00 00 00 00 01 90 02 80 00 00 80 3F 00 00 80 3F 00 00 24 C2 66 E6 B8 42 00 00 6C 41 00 00 28 3F 00 00 80 BF 00 00 00 00 00 00 00 00 0D 00 00 48 
5E 00 73 00 00 00 00 00 C8 C4 2E E0 00 00 00 00 01 90 02 80 00 00 80 3F 00 00 80 3F 00 00 FA C1 33 B3 11 43 00 00 0A C2 00 00 40 3E 00 00 80 BF 00 00 00 00 00 00 00 00 0D 00 00 48 
60 00 74 00 00 00 00 00 14 7F 2E E0 40 4E 0B E0 00 90 02 80 00 00 80 3F 00 00 80 3F 00 00 96 C1 CD 0C 63 42 00 80 B6 42 00 00 F0 BE 00 00 00 00 00 00 00 00 00 00 00 00 0A 00 00 3C 
61 00 75 00 00 00 00 00 14 7F 2E E0 54 4E 0B E0 00 90 02 80 00 00 80 3F 00 00 80 3F 00 00 21 C2 66 E6 B8 42 00 00 01 42 00 00 48 C0 00 00 00 00 00 00 00 00 00 00 00 00 0A 00 00 3C 
62 00 76 00 00 00 00 00 14 7F 2E E0 68 4E 0B E0 00 90 02 80 00 00 80 3F 00 00 80 3F 00 00 88 C2 CD CC 62 42 00 00 97 42 00 00 F0 3F 00 00 00 00 00 00 00 00 00 00 00 00 0A 00 00 3C 
63 00 77 00 00 00 00 00 C8 C4 2E E0 00 00 00 00 01 90 02 80 00 00 80 3F 00 00 80 3F 00 00 34 C1 33 33 00 43 00 00 B0 C1 00 00 C0 BD 00 00 80 BF 00 00 00 00 00 00 00 00 0D 00 00 48 
65 00 78 00 00 00 00 00 14 7F 2E E0 7C 4E 0B E0 00 90 02 80 00 00 80 3F 00 00 80 3F 00 00 49 C2 33 B3 11 43 00 00 44 C2 00 00 48 C0 00 00 00 00 00 00 00 00 00 00 00 00 0A 00 00 3C 
66 00 79 00 00 00 00 00 14 7F 2E E0 90 4E 0B E0 00 90 02 80 00 00 80 3F 00 00 80 3F 00 00 A4 C1 33 33 00 43 00 00 E0 C0 00 00 48 C0 00 00 00 00 00 00 00 00 00 00 00 00 0A 00 00 3C 
67 00 7A 00 00 00 00 00 14 7F 2E E0 A4 4E 0B E0 00 90 02 80 00 00 80 3F 00 00 80 3F 00 00 12 C2 66 26 DD 42 00 00 A8 40 00 00 48 C0 00 00 00 00 00 00 00 00 00 00 00 00 0A 00 00 3C 
68 00 7B 00 00 00 00 00 14 7F 2E E0 B8 4E 0B E0 00 90 02 80 00 00 80 3F 00 00 80 3F 00 00 41 C2 33 B3 11 43 00 00 56 C2 00 00 48 C0 00 00 00 00 00 00 00 00 00 00 00 00 0A 00 00 3C 
69 00 7C 00 00 00 00 00 14 7F 2E E0 CC 4E 0B E0 00 90 02 80 00 00 80 3F 00 00 80 3F 00 00 5A C2 33 B3 11 43 00 00 47 C2 00 00 48 C0 00 00 00 00 00 00 00 00 00 00 00 00 0A 00 00 3C 
6A 00 7D 00 00 00 00 00 14 7F 2E E0 E0 4E 0B E0 00 90 02 80 00 00 80 3F 00 00 80 3F 00 00 D0 C1 66 66 95 42 00 00 12 42 00 00 48 C0 00 00 00 00 00 00 00 00 00 00 00 00 0A 00 00 3C 
6B 00 7E 00 00 00 00 00 14 7F 2E E0 F4 4E 0B E0 00 90 02 80 00 00 80 3F 00 00 80 3F 00 00 00 40 33 33 00 43 00 00 CC C1 00 00 48 C0 00 00 00 00 00 00 00 00 00 00 00 00 0A 00 00 3C 
6C 00 7F 00 00 00 00 00 14 7F 2E E0 08 4F 0B E0 00 90 02 80 00 00 80 3F 00 00 80 3F 00 00 64 C1 CD 0C 63 42 00 00 B9 42 00 00 48 C0 00 00 00 00 00 00 00 00 00 00 00 00 0A 00 00 3C 
6D 00 80 00 01 00 00 00 84 36 2F E0 1C 4F 0B E0 00 00 00 80 00 00 80 3F 00 00 80 3F 00 00 90 C1 33 33 34 43 00 00 A0 C2 00 00 60 BF 00 00 48 41 00 00 40 41 00 00 00 00 11 00 00 58 
71 00 81 00 01 00 00 00 84 36 2F E0 30 4F 0B E0 00 00 00 80 00 00 80 3F 00 00 80 3F 00 00 AC C1 33 B3 11 43 00 00 32 C2 00 00 DC 3F 00 00 48 41 00 00 40 41 00 00 00 00 11 00 00 58 
75 00 82 00 00 00 00 00 78 E9 2E E0 00 00 00 00 01 90 00 80 00 00 80 3F 00 00 80 3F 00 00 3D C2 CD CC 62 42 00 80 84 42 00 00 C8 3F 00 00 80 BF 00 00 00 00 00 00 00 00 0E 00 00 4C 
76 00 83 00 00 00 00 00 A8 FC 2E E0 00 00 00 00 01 90 00 80 00 00 80 3F 00 00 80 3F 00 00 26 C2 CD 4C 3B 42 00 80 85 42 00 00 00 00 00 00 80 BF 00 00 00 00 00 00 00 00 10 00 00 54 
77 00 84 00 01 00 00 00 84 36 2F E0 44 4F 0B E0 00 00 00 80 00 00 80 3F 00 00 80 3F 00 00 AE C1 33 33 00 43 00 00 A6 C1 00 00 00 00 00 00 48 41 00 00 40 41 00 00 00 00 11 00 00 58 
7B 00 85 00 01 00 00 00 84 36 2F E0 58 4F 0B E0 00 00 00 80 00 00 80 3F 00 00 80 3F 00 00 AE C1 CD 0C 63 42 00 80 A7 42 00 00 00 00 00 00 48 41 00 00 40 41 00 00 00 00 11 00 00 58 
7F 00 86 00 01 00 00 00 84 36 2F E0 6C 4F 0B E0 00 00 00 80 00 00 80 3F 00 00 80 3F 00 00 34 C1 66 66 95 42 00 00 1B 42 00 00 00 00 00 00 48 41 00 00 40 41 00 00 00 00 11 00 00 58 
83 00 87 00 01 00 00 00 84 36 2F E0 80 4F 0B E0 00 00 00 80 00 00 80 3F 00 00 80 3F 00 00 29 C2 33 B3 11 43 00 00 5A C2 00 00 00 00 00 00 48 41 00 00 40 41 00 00 00 00 11 00 00 58 
87 00 88 00 01 00 00 00 84 36 2F E0 94 4F 0B E0 00 00 00 80 00 00 80 3F 00 00 80 3F 00 00 31 C2 66 E6 B8 42 00 00 B8 41 00 00 00 00 00 00 48 41 00 00 40 41 00 00 00 00 11 00 00 58 
8B 00 89 00 01 00 00 00 DC 35 2F E0 A8 4F 0B E0 00 00 00 80 00 00 80 3F 00 00 80 3F 00 00 A0 C1 17 CB EA 42 00 00 58 41 00 00 00 00 00 00 48 41 00 00 40 41 00 00 00 00 11 00 00 58 
8D 00 8A 00 01 00 00 00 84 36 2F E0 BC 4F 0B E0 00 00 00 80 00 00 80 3F 00 00 80 3F 00 00 4D C2 CD CC 62 42 00 80 82 42 00 00 00 00 00 00 48 41 00 00 40 41 00 00 00 00 11 00 00 58 
91 00 8B 00 01 00 00 00 E8 34 2F E0 D0 4F 0B E0 01 90 00 80 00 00 80 3F 9A 99 99 3F 00 00 D4 C1 66 26 DD 42 00 00 3C 41 00 00 C8 3F 00 00 00 00 00 00 00 00 00 00 00 00 11 00 00 58 
97 00 8C 00 01 00 00 00 E8 34 2F E0 F8 4F 0B E0 01 90 00 80 00 00 80 3F 9A 99 99 3F 00 00 62 C2 B0 31 B9 42 00 00 20 41 00 00 00 00 00 00 00 00 00 00 00 00 00 00 00 00 11 00 00 58 
9D 00 8D 00 01 00 00 00 E8 34 2F E0 20 50 0B E0 01 90 00 80 00 00 80 3F 9A 99 99 3F 00 00 60 C0 CD 0C 63 42 00 00 81 42 00 00 00 00 00 00 00 00 00 00 00 00 00 00 00 00 11 00 00 58 
A3 00 8E 00 04 00 00 00 C4 BE 28 E0 48 50 0B E0 01 90 00 80 00 00 80 3F 00 00 80 3F 00 00 2C C1 33 33 34 43 00 80 AE C2 00 00 C4 3F 00 00 00 00 00 00 00 00 00 00 00 00 02 00 00 10 
B9 00 8F 00 00 00 00 00 24 05 2E E0 70 50 0B E0 00 10 00 80 00 00 80 3F 00 00 80 3F 00 00 20 41 CD 0C 63 42 00 80 92 42 00 00 FC 3F 00 00 00 3F 00 00 00 00 00 00 00 00 08 00 00 34 
BA 00 90 00 00 00 00 00 D4 44 2E E0 84 50 0B E0 00 10 00 80 00 00 80 3F 00 00 80 3F 00 00 8E C1 CD 0C 63 42 00 00 9A 42 00 00 00 00 00 00 00 3F 00 00 00 00 00 00 00 00 09 00 00 38 
BB 00 91 00 00 00 00 00 24 05 2E E0 98 50 0B E0 00 10 00 80 00 00 80 3F 00 00 80 3F 00 00 79 C2 33 B3 11 43 00 00 07 C2 00 00 40 3F 00 00 00 3F 00 00 00 00 00 00 00 00 08 00 00 34 
BC 00 92 00 00 00 00 00 78 E9 2E E0 00 00 00 00 01 90 00 80 00 00 80 3F 00 00 80 3F 00 00 A0 C1 33 33 00 43 00 00 E0 C0 00 00 00 00 00 00 80 BF 00 00 00 00 00 00 00 00 0E 00 00 4C 
BD 00 93 00 00 00 00 00 10 5F 2F E0 AC 50 0B E0 00 00 01 80 00 00 80 3F 00 00 80 3F 00 00 00 00 00 00 20 41 00 00 00 00 00 00 00 00 00 00 40 41 00 00 38 41 00 00 00 00 12 00 00 5C 
D6 00 94 00 05 00 00 00 54 C4 28 E0 00 00 00 00 01 90 00 80 00 00 80 3F 00 00 80 3F 00 00 00 00 00 00 00 00 00 00 00 00 00 00 00 00 00 00 80 BF 00 00 00 00 00 00 00 00 02 00 00 10

26 00 55 00 00 00 00 00 B0 FC 2E E0 00 00 00 00 01 90 00 80 00 00 80 3F 00 00 80 3F 00 00 26 C2 CD 4C 63 42 00 80 85 42 00 00 00 00 00 00 80 BF 00 00 00 00 00 00 00 00 10 00 00 54
76 00 83 00 00 00 00 00 A8 FC 2E E0 00 00 00 00 01 90 00 80 00 00 80 3F 00 00 80 3F 00 00 26 C2 CD 4C 3B 42 00 80 85 42 00 00 00 00 00 00 80 BF 00 00 00 00 00 00 00 00 10 00 00 54 
32 00 5A 00 00 00 00 00 D8 34 2F E0 00 00 00 00 01 90 00 80 00 00 80 3F 00 00 80 3F 00 00 33 C2 66 26 DD 42 00 00 82 C1 00 00 28 3F 00 00 80 BF 00 00 00 00 00 00 00 00 11 00 00 58 
1F 01 BE 00 00 00 00 00 E8 D7 30 E0 00 00 00 00 01 90 00 80 00 00 80 3F 00 00 80 3F 00 80 EC 42 9A 99 D0 41 00 80 BD 42 00 00 16 40 00 00 80 BF 00 00 00 00 00 00 00 00 16 00 00 6C - Castle Armory
53 01 05 01 00 00 00 00 D8 88 2F E0 00 00 00 00 01 90 00 80 00 00 80 3F 00 00 80 3F 00 C0 15 43 CD CC 35 42 00 80 AE C2 00 00 E0 3E 00 00 80 BF 00 00 00 00 00 00 00 00 11 00 00 58 - Cliffs of desolation
4B 00 66 00 00 00 00 00 E0 45 2F E0 00 00 00 00 01 90 00 80 00 00 80 3F 00 00 80 3F 00 00 23 42 CD CC 70 42 00 80 87 C2 00 00 00 3F 00 00 80 BF 00 00 00 00 00 00 00 00 11 00 00 58 - Dagger Peak

00 00 34 00 00 00 00 00 88 50 31 E0 74 4C 0B E0 00 10 00 80 00 00 80 3F 00 00 80 3F 00 00 68 42 A5 F7 12 C1 00 00 19 42 00 00 00 00 00 00 D8 41 00 00 D4 41 00 00 00 00 18 00 00 74 
03 00 35 00 02 00 00 00 78 98 28 E0 9C 4C 0B E0 00 10 00 80 00 00 80 3F 00 00 80 3F 00 00 5C C1 33 33 09 C0 00 00 3C 41 00 00 00 00 00 00 60 42 00 00 5E 42 00 00 00 00 01 00 00 0C 
04 00 36 00 02 00 00 00 78 98 28 E0 B0 4C 0B E0 00 10 00 80 00 00 80 3F 00 00 80 3F 00 00 35 42 9A 99 D4 C0 00 00 FE 41 00 00 00 00 00 00 60 42 00 00 5E 42 00 00 00 00 01 00 00 0C 
05 00 37 00 02 00 00 00 78 98 28 E0 C4 4C 0B E0 00 10 00 80 00 00 80 3F 00 00 80 3F 00 80 A3 42 9A 99 D6 C0 00 00 CC 41 00 00 00 00 00 00 60 42 00 00 5E 42 00 00 00 00 01 00 00 0C 
06 00 38 00 02 00 00 00 78 98 28 E0 D8 4C 0B E0 00 10 00 80 00 00 80 3F 00 00 80 3F 00 00 C0 42 9A 99 A1 3F 00 00 8A 41 00 00 00 00 00 00 60 42 00 00 5E 42 00 00 00 00 01 00 00 0C 
07 00 39 00 02 00 00 00 78 98 28 E0 EC 4C 0B E0 00 10 00 80 00 00 80 3F 00 00 80 3F 00 00 18 C1 CD CC 4C 3E 00 00 5F 42 00 00 00 00 00 00 60 42 00 00 5E 42 00 00 00 00 01 00 00 0C 
08 00 3A 00 02 00 00 00 78 98 28 E0 00 4D 0B E0 00 10 00 80 00 00 80 3F 00 00 80 3F 00 00 C5 C2 9A 19 D2 41 00 80 EA 42 00 00 00 00 00 00 60 42 00 00 5E 42 00 00 00 00 01 00 00 0C 
09 00 3B 00 02 00 00 00 78 98 28 E0 14 4D 0B E0 00 10 00 80 00 00 80 3F 00 00 80 3F 00 00 8D C2 CD CC 4C 3E 00 80 9A 42 00 00 00 00 00 00 60 42 00 00 5E 42 00 00 00 00 01 00 00 0C 
0A 00 3C 00 02 00 00 00 78 98 28 E0 28 4D 0B E0 00 10 00 80 00 00 80 3F 00 00 80 3F 00 00 0C 42 9A 99 F1 41 00 00 14 C2 00 00 00 00 00 00 60 42 00 00 5E 42 00 00 00 00 01 00 00 0C 
0B 00 3D 00 02 00 00 00 78 98 28 E0 3C 4D 0B E0 00 10 00 80 00 00 80 3F 00 00 80 3F 00 00 00 C2 CD CC 4C 3E 00 00 C8 42 00 00 00 00 00 00 60 42 00 00 5E 42 00 00 00 00 01 00 00 0C 
0C 00 3E 00 02 00 00 00 18 99 28 E0 50 4D 0B E0 00 10 00 80 00 00 80 3F 00 00 80 3F 00 80 85 C2 CD CC 4C 3E 00 00 38 41 00 00 00 00 00 00 60 42 00 00 5E 42 00 00 00 00 01 00 00 0C 
0D 00 3F 00 02 00 00 00 B8 98 28 E0 64 4D 0B E0 00 10 00 80 00 00 80 3F 00 00 80 3F 00 00 A8 40 33 33 09 C0 00 00 C6 C1 00 00 00 00 00 00 60 42 00 00 5E 42 00 00 00 00 01 00 00 0C 
0E 00 40 00 02 00 00 00 78 98 28 E0 78 4D 0B E0 00 10 00 80 00 00 80 3F 00 00 80 3F 00 00 3D 42 9A 99 D4 C0 00 00 C4 41 00 00 00 00 00 00 60 42 00 00 5E 42 00 00 00 00 01 00 00 0C 
0F 00 41 00 02 00 00 00 18 99 28 E0 8C 4D 0B E0 00 10 00 80 00 00 80 3F 00 00 80 3F 00 00 FA 41 66 66 A6 3E 00 00 56 42 00 00 00 00 00 00 60 42 00 00 5E 42 00 00 00 00 01 00 00 0C 
10 00 42 00 02 00 00 00 40 98 28 E0 A0 4D 0B E0 00 10 00 80 00 00 80 3F 00 00 80 3F 00 00 DC 41 CD CC 4C 3E 00 80 84 42 00 00 00 00 00 00 60 42 00 00 5E 42 00 00 00 00 01 00 00 0C 
11 00 43 00 02 00 00 00 78 98 28 E0 B4 4D 0B E0 00 10 00 80 00 00 80 3F 00 00 80 3F 00 80 CE C2 7D 3A D2 41 00 80 B5 42 00 00 00 00 00 00 60 42 00 00 5E 42 00 00 00 00 01 00 00 0C 
12 00 44 00 02 00 00 00 78 98 28 E0 C8 4D 0B E0 00 10 00 80 00 00 80 3F 00 00 80 3F 00 00 5A 42 9A 99 D4 C0 00 00 5C 42 00 00 00 00 00 00 60 42 00 00 5E 42 00 00 00 00 01 00 00 0C 
13 00 45 00 03 00 00 00 FC A4 28 E0 00 00 00 00 01 90 00 80 00 00 80 3F 00 00 80 3F 00 00 A3 42 9A 99 D4 C0 00 00 78 42 00 00 00 00 00 00 80 BF 00 00 00 00 00 00 00 00 02 00 00 10 
14 00 46 00 03 00 00 00 44 A5 28 E0 DC 4D 0B E0 00 10 00 80 00 00 80 3F 00 00 80 3F 00 00 C0 42 4A 27 A5 40 00 00 2F 42 00 00 00 00 00 00 88 41 00 00 84 41 00 00 00 00 02 00 00 10 
17 00 47 00 03 00 00 00 B4 A5 28 E0 04 4E 0B E0 00 10 00 80 00 00 80 3F 00 00 80 3F 00 80 F5 C2 9A 19 D2 41 00 00 BA C1 00 00 00 00 00 00 88 41 00 00 84 41 00 00 00 00 02 00 00 10 
1A 00 48 00 03 00 00 00 04 A5 28 E0 18 4E 0B E0 00 10 00 80 00 00 80 3F 00 00 80 3F 00 00 28 C1 9A 99 A0 41 00 80 D3 42 00 00 00 00 00 00 88 41 00 00 84 41 00 00 00 00 02 00 00 10 
1B 00 49 00 00 00 00 00 BC DB 2B E0 00 00 00 00 01 90 00 80 00 00 80 3F 00 00 80 3F 00 80 A0 C2 CD CC 4C 3E 00 00 C0 BF 00 00 00 00 00 00 80 BF 00 00 00 00 00 00 00 00 05 00 00 28 
1C 00 4A 00 00 00 00 00 BC DB 2B E0 00 00 00 00 01 90 00 80 00 00 80 3F 00 00 80 3F 00 00 B8 41 CD CC 4C 3E 00 00 80 42 00 00 16 C0 00 00 80 BF 00 00 00 00 00 00 00 00 05 00 00 28 
1D 00 4B 00 00 00 00 00 C4 DB 2B E0 00 00 00 00 01 90 00 80 00 00 80 3F 00 00 80 3F 00 00 B2 42 CC CC A4 40 00 00 93 42 00 00 48 C0 00 00 80 BF 00 00 00 00 00 00 00 00 05 00 00 28 
1E 00 4C 00 00 00 00 00 BC DB 2B E0 00 00 00 00 01 90 00 80 00 00 80 3F 00 00 80 3F 00 00 F8 C2 9A 19 D2 41 00 80 FC 42 00 00 16 C0 00 00 80 BF 00 00 00 00 00 00 00 00 05 00 00 28 
1F 00 4D 00 00 00 00 00 C4 DB 2B E0 00 00 00 00 01 90 00 80 00 00 80 3F 00 00 80 3F 00 00 70 C1 33 33 09 C0 00 00 8C C1 00 00 D0 BE 00 00 80 BF 00 00 00 00 00 00 00 00 05 00 00 28 
20 00 4E 00 00 00 00 00 C4 DB 2B E0 00 00 00 00 01 90 00 80 00 00 80 3F 00 00 80 3F 00 00 44 42 9A 99 D4 C0 00 00 C0 BF 00 00 00 00 00 00 80 BF 00 00 00 00 00 00 00 00 05 00 00 28 
21 00 4F 00 00 00 00 00 BC DB 2B E0 00 00 00 00 01 90 00 80 00 00 80 3F 00 00 80 3F 00 00 C2 42 66 C6 A5 40 00 00 49 42 00 00 C4 3F 00 00 80 BF 00 00 00 00 00 00 00 00 05 00 00 28 
22 00 50 00 00 00 00 00 CC DB 2B E0 00 00 00 00 01 90 00 80 00 00 80 3F 00 00 80 3F 00 00 A2 C1 CD CC 4C 3E 00 00 80 42 00 00 14 40 00 00 80 BF 00 00 00 00 00 00 00 00 05 00 00 28 
23 00 51 00 00 00 00 00 BC DB 2B E0 00 00 00 00 01 90 00 80 00 00 80 3F 00 00 80 3F 00 00 16 C2 CD CC 4C 3E 00 00 D0 42 00 00 48 C0 00 00 80 BF 00 00 00 00 00 00 00 00 05 00 00 28 
24 00 52 00 00 00 00 00 C4 DB 2B E0 00 00 00 00 01 90 00 80 00 00 80 3F 00 00 80 3F 00 00 0D C2 CD CC 4C 3E 00 00 6B 42 00 00 C4 3F 00 00 80 BF 00 00 00 00 00 00 00 00 05 00 00 28 
25 00 53 00 00 00 00 00 BC DB 2B E0 00 00 00 00 01 90 00 80 00 00 80 3F 00 00 80 3F 00 00 16 C2 CD CC 4C 3E 00 00 E0 BF 00 00 00 00 00 00 80 BF 00 00 00 00 00 00 00 00 05 00 00 28 
26 00 54 00 00 00 00 00 CC DB 2B E0 00 00 00 00 01 90 00 80 00 00 80 3F 00 00 80 3F 00 00 A2 41 CD 8C 29 42 00 00 7D 42 00 00 16 C0 00 00 80 BF 00 00 00 00 00 00 00 00 05 00 00 28 
27 00 55 00 00 00 00 00 BC DB 2B E0 00 00 00 00 01 90 00 80 00 00 80 3F 00 00 80 3F 00 00 A9 C2 CD CC 4C 3E 00 00 87 42 00 00 C8 BF 00 00 80 BF 00 00 00 00 00 00 00 00 05 00 00 28 
28 00 56 00 00 00 00 00 70 1E 2E E0 00 00 00 00 01 90 00 80 00 00 80 3F 00 00 80 3F 00 00 C0 C0 33 33 09 C0 00 00 40 C1 00 00 12 40 00 00 80 BF 00 00 00 00 00 00 00 00 07 00 00 30 
29 00 57 00 00 00 00 00 78 1E 2E E0 00 00 00 00 01 90 00 80 00 00 80 3F 00 00 80 3F 00 80 89 42 9A 99 D6 C0 00 00 D2 41 00 00 E0 BE 00 00 80 BF 00 00 00 00 00 00 00 00 07 00 00 30 
2A 00 58 00 00 00 00 00 70 1E 2E E0 00 00 00 00 01 90 00 80 00 00 80 3F 00 00 80 3F 00 80 AD 42 9A 99 A1 3F 00 00 D8 40 00 00 00 C0 00 00 80 BF 00 00 00 00 00 00 00 00 07 00 00 30 
2B 00 59 00 00 00 00 00 70 1E 2E E0 00 00 00 00 01 90 00 80 00 00 80 3F 00 00 80 3F 00 00 D0 41 CD CC 4C 3E 00 00 4E 42 00 00 20 3F 00 00 80 BF 00 00 00 00 00 00 00 00 07 00 00 30 
2C 00 5A 00 00 00 00 00 78 1E 2E E0 00 00 00 00 01 90 00 80 00 00 80 3F 00 00 80 3F 00 80 8F C2 CD CC 4C 3E 00 00 D2 41 00 00 80 3D 00 00 80 BF 00 00 00 00 00 00 00 00 07 00 00 30 
2D 00 5B 00 01 00 00 00 50 7E 2D E0 00 00 00 00 01 90 00 80 00 00 80 3F 00 00 80 3F 00 00 17 C2 9A 99 A1 41 00 00 44 C1 00 00 C8 BF 00 00 80 BF 00 00 00 00 00 00 00 00 06 00 00 2C 
2F 00 5C 00 00 00 00 00 78 1E 2E E0 00 00 00 00 01 90 00 80 00 00 80 3F 00 00 80 3F 00 00 F0 41 9A 99 F1 41 00 00 10 C2 00 00 20 3F 00 00 80 BF 00 00 00 00 00 00 00 00 07 00 00 30 
30 00 5D 00 03 00 00 00 38 B7 2C E0 00 00 00 00 01 90 00 80 00 00 80 3F 00 00 80 3F 00 00 DA C2 9A 19 D2 41 00 00 DE 42 00 00 14 40 00 00 80 BF 00 00 00 00 00 00 00 00 05 00 00 28 
32 00 5E 00 01 00 00 00 50 7E 2D E0 00 00 00 00 01 90 00 80 00 00 80 3F 00 00 80 3F 00 80 D0 42 9A 99 9E 41 00 00 20 42 00 00 42 C0 00 00 80 BF 00 00 00 00 00 00 00 00 06 00 00 2C 
34 00 5F 00 00 00 00 00 B8 6A 2E E0 00 00 00 00 01 90 00 80 00 00 80 3F 00 00 80 3F 00 80 E7 C2 9A 19 D2 41 00 00 90 C1 00 00 D0 3E 00 00 80 BF 00 00 00 00 00 00 00 00 08 00 00 34 
36 00 60 00 00 00 00 00 70 1E 2E E0 00 00 00 00 01 90 00 80 00 00 80 3F 00 00 80 3F 00 00 5D C2 CD CC 4C 3E 00 80 BB 42 00 00 F0 3E 00 00 80 BF 00 00 00 00 00 00 00 00 07 00 00 30 
37 00 61 00 00 00 00 00 BC DB 2B E0 00 00 00 00 01 90 00 80 00 00 80 3F 00 00 80 3F 00 00 80 41 33 33 09 C0 00 00 94 C1 00 00 80 3E 00 00 80 BF 00 00 00 00 00 00 00 00 05 00 00 28 
38 00 62 00 01 00 00 00 50 7E 2D E0 00 00 00 00 01 90 00 80 00 00 80 3F 00 00 80 3F 00 00 14 C1 9A 99 F1 41 00 00 08 C2 00 00 C4 BF 00 00 80 BF 00 00 00 00 00 00 00 00 06 00 00 2C 
3A 00 63 00 00 00 00 00 CC DB 2B E0 00 00 00 00 01 90 00 80 00 00 80 3F 00 00 80 3F 00 80 A4 42 9A 99 D6 C0 00 00 56 42 00 00 C8 3F 00 00 80 BF 00 00 00 00 00 00 00 00 05 00 00 28 
3B 00 64 00 01 00 00 00 50 7E 2D E0 00 00 00 00 01 90 00 80 00 00 80 3F 00 00 80 3F 00 00 50 C1 9A 19 A1 41 00 80 E0 42 00 00 DC BF 00 00 80 BF 00 00 00 00 00 00 00 00 06 00 00 2C 
3D 00 65 00 01 00 00 00 50 7E 2D E0 00 00 00 00 01 90 00 80 00 00 80 3F 00 00 80 3F 00 00 23 42 9A 99 D4 C0 00 00 00 00 00 00 00 BD 00 00 80 BF 00 00 00 00 00 00 00 00 06 00 00 2C 
3F 00 66 00 01 00 00 00 50 7E 2D E0 00 00 00 00 01 90 00 80 00 00 80 3F 00 00 80 3F 00 00 AC 42 9A 99 A1 3F 00 00 40 3F 00 00 8C BF 00 00 80 BF 00 00 00 00 00 00 00 00 06 00 00 2C 
41 00 67 00 03 00 00 00 38 F2 2D E0 2C 4E 0B E0 01 90 00 80 00 00 80 3F 00 00 80 3F 00 00 AF 42 FE 7E 9F 40 00 00 7B 42 00 00 48 40 00 00 00 00 00 00 00 00 00 00 00 00 06 00 00 2C
45 00 68 00 00 00 00 00 78 1E 2E E0 00 00 00 00 01 90 00 80 00 00 80 3F 00 00 80 3F 00 80 A5 C2 CD CC 4C 3E 00 80 B9 42 00 00 FC 3F 00 00 80 BF 00 00 00 00 00 00 00 00 07 00 00 30 
46 00 69 00 01 00 00 00 50 7E 2D E0 00 00 00 00 01 90 00 80 00 00 80 3F 00 00 80 3F 00 00 40 3F CD CC 4C 3E 00 00 56 42 00 00 D0 3F 00 00 80 BF 00 00 00 00 00 00 00 00 06 00 00 2C 
48 00 6A 00 03 00 00 00 38 F2 2D E0 40 4E 0B E0 01 90 00 80 00 00 80 3F 00 00 80 3F 00 00 BC 42 9A 99 A1 41 00 00 38 C1 00 00 D8 BF 00 00 00 00 00 00 00 00 00 00 00 00 06 00 00 2C 
4C 00 6B 00 01 00 00 00 50 7E 2D E0 00 00 00 00 01 90 00 80 00 00 80 3F 00 00 80 3F 00 80 99 42 9A 99 D0 41 00 00 A3 42 00 00 E0 3F 00 00 80 BF 00 00 00 00 00 00 00 00 06 00 00 2C 
4E 00 6C 00 01 00 00 00 50 7E 2D E0 00 00 00 00 01 90 00 80 00 00 80 3F 00 00 80 3F 00 80 EC 42 9A 99 A1 41 00 00 92 C1 00 00 48 BF 00 00 80 BF 00 00 00 00 00 00 00 00 06 00 00 2C 
50 00 6D 00 01 00 00 00 50 7E 2D E0 00 00 00 00 01 90 00 80 00 00 80 3F 00 00 80 3F 00 00 EC C2 9A 19 D2 41 00 00 F7 42 00 00 10 40 00 00 80 BF 00 00 00 00 00 00 00 00 06 00 00 2C 
52 00 6E 00 00 00 00 00 A0 3A 2D E0 54 4E 0B E0 01 90 00 80 00 00 80 3F 00 00 80 3F 00 00 A1 C2 9A 19 D2 41 00 00 E2 42 00 00 F0 3F 00 00 00 00 00 00 00 00 00 00 00 00 06 00 00 2C 
56 00 6F 00 00 00 00 00 A0 3A 2D E0 7C 4E 0B E0 01 90 00 80 00 00 80 3F 00 00 80 3F 00 80 AB C2 9A 19 D2 41 00 00 20 C1 00 00 B4 BF 00 00 00 00 00 00 00 00 00 00 00 00 06 00 00 2C 
5A 00 70 00 01 00 00 00 50 7E 2D E0 00 00 00 00 01 90 00 80 00 00 80 3F 00 00 80 3F 00 00 B9 C2 CD CC 4C 3E 00 00 00 00 00 00 84 3F 00 00 80 BF 00 00 00 00 00 00 00 00 06 00 00 2C 
5C 00 71 00 00 00 00 00 78 1E 2E E0 00 00 00 00 01 90 00 80 00 00 80 3F 00 00 80 3F 00 80 B1 42 9A 99 D0 41 00 80 A9 42 00 00 12 C0 00 00 80 BF 00 00 00 00 00 00 00 00 07 00 00 30 
5D 00 72 00 00 00 00 00 78 1E 2E E0 00 00 00 00 01 90 00 80 00 00 80 3F 00 00 80 3F 00 00 CB C2 9A 99 D1 41 00 00 08 41 00 00 2C C0 00 00 80 BF 00 00 00 00 00 00 00 00 07 00 00 30 
5E 00 73 00 00 00 00 00 C4 DB 2B E0 00 00 00 00 01 90 00 80 00 00 80 3F 00 00 80 3F 00 00 CE C1 CD CC 4C 3E 00 00 07 42 00 00 C8 BF 00 00 80 BF 00 00 00 00 00 00 00 00 05 00 00 28 
5F 00 74 00 00 00 00 00 BC DB 2B E0 00 00 00 00 01 90 00 80 00 00 80 3F 00 00 80 3F 00 00 93 C2 CD CC 4C 3E 00 00 17 42 00 00 48 C0 00 00 80 BF 00 00 00 00 00 00 00 00 05 00 00 28 
60 00 75 00 00 00 00 00 C4 DB 2B E0 00 00 00 00 01 90 00 80 00 00 80 3F 00 00 80 3F 00 80 EE 42 9A 99 A1 41 00 00 C2 C1 00 00 48 3F 00 00 80 BF 00 00 00 00 00 00 00 00 05 00 00 28 
61 00 76 00 00 00 00 00 E4 FC 2F E0 A4 4E 0B E0 00 90 02 80 00 00 80 3F 00 00 80 3F 00 80 B3 C2 CD CC 4C 3E 00 00 BA 42 00 00 48 C0 00 00 00 00 00 00 00 00 00 00 00 00 0C 00 00 44 
62 00 77 00 00 00 00 00 E4 FC 2F E0 B8 4E 0B E0 00 90 02 80 00 00 80 3F 00 00 80 3F 00 00 A4 C2 CD CC 4C 3E 00 00 7B 42 00 00 48 C0 00 00 00 00 00 00 00 00 00 00 00 00 0C 00 00 44 
63 00 78 00 00 00 00 00 E4 FC 2F E0 CC 4E 0B E0 00 90 02 80 00 00 80 3F 00 00 80 3F 00 00 3F C2 CD CC 4C 3E 00 00 9A 42 00 00 48 C0 00 00 00 00 00 00 00 00 00 00 00 00 0C 00 00 44 
64 00 79 00 00 00 00 00 E4 FC 2F E0 E0 4E 0B E0 00 90 02 80 00 00 80 3F 00 00 80 3F 00 80 9B 42 9A 99 A1 3F 00 00 00 3F 00 00 48 C0 00 00 00 00 00 00 00 00 00 00 00 00 0C 00 00 44 
65 00 7A 00 00 00 00 00 E4 FC 2F E0 F4 4E 0B E0 00 90 02 80 00 00 80 3F 00 00 80 3F 00 00 F8 C2 9A 19 D2 41 00 80 EC 42 00 00 48 C0 00 00 00 00 00 00 00 00 00 00 00 00 0C 00 00 44 
66 00 7B 00 00 00 00 00 E4 FC 2F E0 08 4F 0B E0 00 90 02 80 00 00 80 3F 00 00 80 3F 00 80 BA C2 CD CC 4C 3E 00 00 CC 42 00 00 48 C0 00 00 00 00 00 00 00 00 00 00 00 00 0C 00 00 44 
67 00 7C 00 00 00 00 00 98 82 30 E0 00 00 00 00 01 90 02 80 00 00 80 3F 00 00 80 3F 00 00 BF 42 9A 99 A1 3F 00 00 28 41 00 00 C8 3F 00 00 80 BF 00 00 00 00 00 00 00 00 11 00 00 58 
69 00 7D 00 00 00 00 00 98 82 30 E0 00 00 00 00 01 90 02 80 00 00 80 3F 00 00 80 3F 00 00 27 C2 CD CC 4C 3E 00 00 00 BF 00 00 00 00 00 00 80 BF 00 00 00 00 00 00 00 00 11 00 00 58 
6B 00 7E 00 00 00 00 00 98 82 30 E0 00 00 00 00 01 90 02 80 00 00 80 3F 00 00 80 3F 00 00 25 C2 CD CC 4C 3E 00 00 54 42 00 00 C4 3F 00 00 80 BF 00 00 00 00 00 00 00 00 11 00 00 58 
6D 00 7F 00 00 00 00 00 98 82 30 E0 00 00 00 00 01 90 02 80 00 00 80 3F 00 00 80 3F 00 00 81 C2 CD CC 4C 3E 00 00 B0 41 00 00 C8 BF 00 00 80 BF 00 00 00 00 00 00 00 00 11 00 00 58 
6F 00 80 00 00 00 00 00 E4 FC 2F E0 1C 4F 0B E0 00 90 02 80 00 00 80 3F 00 00 80 3F 00 00 C0 C1 CD CC 4C 3E 00 00 20 42 00 00 48 C0 00 00 00 00 00 00 00 00 00 00 00 00 0C 00 00 44 
70 00 81 00 00 00 00 00 E4 FC 2F E0 30 4F 0B E0 00 90 02 80 00 00 80 3F 00 00 80 3F 00 00 80 C0 9A 99 F1 41 00 00 08 C2 00 00 48 C0 00 00 00 00 00 00 00 00 00 00 00 00 0C 00 00 44 
71 00 82 00 00 00 00 00 98 82 30 E0 00 00 00 00 01 90 02 80 00 00 80 3F 00 00 80 3F 00 00 0C C1 33 33 09 C0 00 00 34 41 00 00 28 BF 00 00 80 BF 00 00 00 00 00 00 00 00 11 00 00 58 
73 00 83 00 00 00 00 00 E4 FC 2F E0 44 4F 0B E0 00 90 02 80 00 00 80 3F 00 00 80 3F 00 00 44 41 33 33 09 C0 00 00 50 40 00 00 48 C0 00 00 00 00 00 00 00 00 00 00 00 00 0C 00 00 44 
74 00 84 00 00 00 00 00 98 82 30 E0 00 00 00 00 01 90 02 80 00 00 80 3F 00 00 80 3F 00 80 DB 42 9A 99 A1 41 00 00 C0 C1 00 00 00 00 00 00 80 BF 00 00 00 00 00 00 00 00 11 00 00 58 
76 00 85 00 00 00 00 00 E4 FC 2F E0 58 4F 0B E0 00 90 02 80 00 00 80 3F 00 00 80 3F 00 00 55 C2 CD CC 4C 3E 00 00 00 BF 00 00 48 C0 00 00 00 00 00 00 00 00 00 00 00 00 0C 00 00 44 
77 00 86 00 00 00 00 00 E4 FC 2F E0 6C 4F 0B E0 00 90 02 80 00 00 80 3F 00 00 80 3F 00 00 A6 41 CD CC 4C 3E 00 00 6A 42 00 00 48 C0 00 00 00 00 00 00 00 00 00 00 00 00 0C 00 00 44 
78 00 87 00 00 00 00 00 98 82 30 E0 00 00 00 00 01 90 02 80 00 00 80 3F 00 00 80 3F 00 00 54 C1 9A 19 A1 41 00 00 E9 42 00 00 00 40 00 00 80 BF 00 00 00 00 00 00 00 00 11 00 00 58 
7A 00 88 00 00 00 00 00 E4 FC 2F E0 80 4F 0B E0 00 90 02 80 00 00 80 3F 00 00 80 3F 00 80 B5 C2 CD CC 4C 3E 00 00 70 40 00 00 48 C0 00 00 00 00 00 00 00 00 00 00 00 00 0C 00 00 44 
7B 00 89 00 00 00 00 00 C0 CF 30 E0 00 00 00 00 01 80 00 90 00 00 80 3F 00 00 80 3F 00 80 8D C2 CD CC 4C 3E 00 80 BC 42 00 00 48 C0 00 00 00 00 00 00 00 00 00 00 00 00 15 00 00 68 
7C 00 8A 00 00 00 00 00 C0 CF 30 E0 00 00 00 00 01 80 00 90 00 00 80 3F 00 00 80 3F 00 00 80 C2 CD CC 4C 3E 00 00 BD 42 00 00 48 C0 00 00 00 00 00 00 00 00 00 00 00 00 15 00 00 68 
7D 00 8B 00 00 00 00 00 C0 CF 30 E0 00 00 00 00 01 80 00 90 00 00 80 3F 00 00 80 3F 00 00 5B C2 CD CC 4C 3E 00 00 AE 42 00 00 48 C0 00 00 00 00 00 00 00 00 00 00 00 00 15 00 00 68 
7E 00 8C 00 00 00 00 00 C0 CF 30 E0 00 00 00 00 01 80 00 90 00 00 80 3F 00 00 80 3F 00 00 3F C2 CD CC 4C 3E 00 80 AE 42 00 00 48 C0 00 00 00 00 00 00 00 00 00 00 00 00 15 00 00 68 
7F 00 8D 00 00 00 00 00 70 A7 30 E0 00 00 00 00 01 90 00 80 00 00 80 3F 00 00 80 3F 00 00 26 42 66 66 A6 3E 00 00 49 42 00 00 48 C0 00 00 80 BF 00 00 00 00 00 00 00 00 12 00 00 5C 
80 00 8E 00 00 00 00 00 70 A7 30 E0 00 00 00 00 01 90 00 80 00 00 80 3F 00 00 80 3F 00 00 5A 42 0E 59 D5 C0 00 00 00 00 00 00 C8 3F 00 00 80 BF 00 00 00 00 00 00 00 00 12 00 00 5C 
81 00 8F 00 00 00 00 00 B8 C4 30 E0 00 00 00 00 01 90 00 80 00 00 80 3F 00 00 80 3F 00 00 01 C2 CD CC 4C 3E 00 80 C8 42 00 00 60 BE 00 00 80 BF 00 00 00 00 00 00 00 00 14 00 00 64 
82 00 90 00 00 00 00 00 C4 DC 2E E0 94 4F 0B E0 01 00 00 80 00 00 80 3F 00 00 80 3F 00 00 6E C2 00 00 C0 BF 00 00 43 42 00 00 48 C0 00 00 64 42 00 00 62 42 00 00 00 00 09 00 00 38 
91 00 91 00 00 00 00 00 C4 DC 2E E0 D4 50 0B E0 01 00 00 80 00 00 80 3F 00 00 80 3F 00 00 3C C2 00 00 C0 BF 00 00 30 42 00 00 C8 BF 00 00 64 42 00 00 62 42 00 00 00 00 09 00 00 38 
A0 00 92 00 00 00 00 00 C4 DC 2E E0 14 52 0B E0 01 00 00 80 00 00 80 3F 00 00 80 3F 00 00 3C C2 00 00 C0 BF 00 00 56 42 00 00 48 C0 00 00 64 42 00 00 62 42 00 00 00 00 09 00 00 38 
AF 00 93 00 00 00 00 00 B8 C4 30 E0 00 00 00 00 01 90 00 80 00 00 80 3F 00 00 80 3F 00 00 10 C2 CD CC 4C 3E 00 00 88 40 00 00 30 3F 00 00 80 BF 00 00 00 00 00 00 00 00 14 00 00 64 
B0 00 94 00 00 00 00 00 B8 C4 30 E0 00 00 00 00 01 90 00 80 00 00 80 3F 00 00 80 3F 00 00 50 C2 9A 99 C1 3F 00 00 43 42 00 00 D0 3E 00 00 80 BF 00 00 00 00 00 00 00 00 14 00 00 64 
B1 00 95 00 00 00 00 00 B8 C4 30 E0 00 00 00 00 01 90 00 80 00 00 80 3F 00 00 80 3F 00 00 C0 42 BC 1B A5 40 00 80 91 42 00 00 C8 BF 00 00 80 BF 00 00 00 00 00 00 00 00 14 00 00 64 
B2 00 96 00 00 00 00 00 A4 C2 2F E0 54 53 0B E0 00 10 00 80 00 00 80 3F 00 00 80 3F 00 00 28 C1 CD CC 4C 3E 00 00 32 42 00 00 48 C0 00 00 00 00 00 00 00 3F 00 00 00 00 0B 00 00 40 
B3 00 97 00 00 00 00 00 70 A7 30 E0 00 00 00 00 01 90 00 80 00 00 80 3F 00 00 80 3F 00 80 82 42 9A 99 D4 C0 00 00 74 42 00 00 C8 3F 00 00 80 BF 00 00 00 00 00 00 00 00 12 00 00 5C 
B4 00 98 00 00 00 00 00 70 A7 30 E0 00 00 00 00 01 90 00 80 00 00 80 3F 00 00 80 3F 00 00 99 C2 CD CC 4C 3E 00 00 9E 42 00 00 48 C0 00 00 80 BF 00 00 00 00 00 00 00 00 12 00 00 5C 
B5 00 99 00 00 00 00 00 B8 C4 30 E0 00 00 00 00 01 90 00 80 00 00 80 3F 00 00 80 3F 00 00 D4 42 9A 99 A1 41 00 00 C8 C1 00 00 16 C0 00 00 80 BF 00 00 00 00 00 00 00 00 14 00 00 64 
B6 00 9A 00 00 00 00 00 B8 C4 30 E0 00 00 00 00 01 90 00 80 00 00 80 3F 00 00 80 3F 00 00 94 41 9A 99 F2 41 00 00 EA C1 00 00 E8 3F 00 00 80 BF 00 00 00 00 00 00 00 00 14 00 00 64 
B7 00 9B 00 00 00 00 00 B8 C4 30 E0 00 00 00 00 01 90 00 80 00 00 80 3F 00 00 80 3F 00 80 ED C2 9A 19 D2 41 00 00 FE 42 00 00 B0 3E 00 00 80 BF 00 00 00 00 00 00 00 00 14 00 00 64 
B8 00 9C 00 00 00 00 00 B8 C4 30 E0 00 00 00 00 01 90 00 80 00 00 80 3F 00 00 80 3F 00 80 F7 C2 9A 19 D2 41 00 00 64 C1 00 00 C8 3F 00 00 80 BF 00 00 00 00 00 00 00 00 14 00 00 64 
B9 00 9D 00 00 00 00 00 B8 C4 30 E0 00 00 00 00 01 90 00 80 00 00 80 3F 00 00 80 3F 00 00 6C C2 CD CC 4C 3E 00 00 D2 41 00 00 B0 BF 00 00 80 BF 00 00 00 00 00 00 00 00 14 00 00 64 
BA 00 9E 00 00 00 00 00 B8 C4 30 E0 00 00 00 00 01 90 00 80 00 00 80 3F 00 00 80 3F 00 80 AA 42 9A 99 A1 3F 00 00 00 00 00 00 3C 40 00 00 80 BF 00 00 00 00 00 00 00 00 14 00 00 64 
BB 00 9F 00 00 00 00 00 08 0F 31 E0 00 00 00 00 01 90 00 80 00 00 80 3F 00 00 80 3F 00 00 7B C2 CD CC 4C 3E 00 00 E8 40 00 00 48 C0 00 00 80 BF 00 00 00 00 00 00 00 00 17 00 00 70 
BC 00 A0 00 00 00 00 00 08 0F 31 E0 00 00 00 00 01 90 00 80 00 00 80 3F 00 00 80 3F 00 00 5B C2 CD CC 4C 3E 00 00 E8 40 00 00 48 C0 00 00 80 BF 00 00 00 00 00 00 00 00 17 00 00 70 
BD 00 A1 00 00 00 00 00 B8 C4 30 E0 00 00 00 00 01 90 00 80 00 00 80 3F 00 00 80 3F 00 00 00 00 CD CC 4C 3E 00 00 C4 41 00 00 48 C0 00 00 80 BF 00 00 00 00 00 00 00 00 14 00 00 64 
BE 00 A2 00 00 00 00 00 F4 82 2F E0 68 53 0B E0 00 10 00 80 00 00 80 3F 00 00 80 3F 00 00 A7 C2 CD CC 4C 3E 00 00 91 42 00 00 00 00 00 00 00 00 00 00 00 3F 00 00 00 00 0A 00 00 3C 
BF 00 A3 00 00 00 00 00 C8 28 30 E0 7C 53 0B E0 01 90 00 80 00 00 80 3F 00 00 80 3F 00 00 1C 42 9A 99 D6 C0 00 00 CE 41 00 00 48 C0 00 00 00 00 00 00 00 00 00 00 00 00 0F 00 00 50 
C7 00 A4 00 00 00 00 00 C8 28 30 E0 A4 53 0B E0 01 90 00 80 00 00 80 3F 00 00 80 3F 00 80 AC 42 9A 99 A1 3F 00 00 03 42 00 00 C8 BF 00 00 00 00 00 00 00 00 00 00 00 00 0F 00 00 50 
CF 00 A5 00 00 00 00 00 C8 28 30 E0 CC 53 0B E0 01 90 00 80 00 00 80 3F 00 00 80 3F 00 00 99 C2 CD CC 4C 3E 00 80 A1 42 00 00 00 00 00 00 00 00 00 00 00 00 00 00 00 00 0F 00 00 50 
D7 00 A6 00 00 00 00 00 C8 28 30 E0 F4 53 0B E0 01 90 00 80 00 00 80 3F 00 00 80 3F 00 00 24 C2 CD CC 4C 3E 00 80 A2 42 00 00 00 00 00 00 00 00 00 00 00 00 00 00 00 00 0F 00 00 50 
DF 00 A7 00 00 00 00 00 08 0B 30 E0 1C 54 0B E0 01 90 00 80 00 00 80 3F 00 00 C0 3F 00 80 DF C2 9A 19 D2 41 00 00 E5 42 00 00 16 C0 00 00 00 00 00 00 00 00 00 00 00 00 0D 00 00 48 
E1 00 A8 00 00 00 00 00 08 0B 30 E0 30 54 0B E0 01 90 00 80 00 00 80 3F 00 00 C0 3F 00 80 DE C2 9A 19 D2 41 00 00 3C C1 00 00 14 40 00 00 00 00 00 00 00 00 00 00 00 00 0D 00 00 48 
E3 00 A9 00 00 00 00 00 08 0B 30 E0 44 54 0B E0 01 90 00 80 00 00 80 3F 00 00 C0 3F 00 80 D8 42 9A 99 A1 41 00 00 54 C1 00 00 16 C0 00 00 00 00 00 00 00 00 00 00 00 00 0D 00 00 48 
E5 00 AA 00 00 00 00 00 08 0F 31 E0 00 00 00 00 01 90 00 80 00 00 80 3F 00 00 80 3F 00 00 3B C2 CD CC 4C 3E 00 00 E8 40 00 00 48 C0 00 00 80 BF 00 00 00 00 00 00 00 00 17 00 00 70 
E6 00 AB 00 00 00 00 00 B8 C4 30 E0 00 00 00 00 01 90 00 80 00 00 80 3F 00 00 80 3F 00 00 C1 C2 EF 6E D2 41 00 00 65 42 00 00 00 00 00 00 80 BF 00 00 00 00 00 00 00 00 14 00 00 64 
E7 00 AC 00 00 00 00 00 B8 C4 30 E0 00 00 00 00 01 90 00 80 00 00 80 3F 00 00 80 3F 00 80 C0 C2 9A 19 D2 41 00 00 22 42 00 00 48 C0 00 00 80 BF 00 00 00 00 00 00 00 00 14 00 00 64 
E8 00 AD 00 00 00 00 00 08 0F 31 E0 00 00 00 00 01 90 00 80 00 00 80 3F 00 00 80 3F 00 80 8D C2 CD CC 4C 3E 00 00 E8 40 00 00 48 C0 00 00 80 BF 00 00 00 00 00 00 00 00 17 00 00 70 
E9 00 AE 00 00 00 00 00 70 A7 30 E0 00 00 00 00 01 90 00 80 00 00 80 3F 00 00 80 3F 00 00 8D 42 9A 99 D0 41 00 00 A8 42 00 00 C4 3F 00 00 80 BF 00 00 00 00 00 00 00 00 12 00 00 5C 
EA 00 AF 00 00 00 00 00 E0 BB 30 E0 00 00 00 00 01 90 00 80 00 00 80 3F 00 00 80 3F 00 80 AA C2 9A 19 D2 41 00 00 E1 42 00 00 C4 3F 00 00 80 BF 00 00 00 00 00 00 00 00 13 00 00 60 
ED 00 B0 00 00 00 00 00 70 A7 30 E0 00 00 00 00 01 90 00 80 00 00 80 3F 00 00 80 3F 00 00 BE C2 9A 99 D1 41 00 80 9E 42 00 00 48 C0 00 00 80 BF 00 00 00 00 00 00 00 00 12 00 00 5C 
EE 00 B1 00 00 00 00 00 E0 BB 30 E0 00 00 00 00 01 90 00 80 00 00 80 3F 00 00 80 3F 00 00 9D C2 9A 19 D2 41 00 00 40 C1 00 00 C4 3F 00 00 80 BF 00 00 00 00 00 00 00 00 13 00 00 60 
F1 00 B2 00 00 00 00 00 70 A7 30 E0 00 00 00 00 01 90 00 80 00 00 80 3F 00 00 80 3F 00 80 D5 42 9A 99 9E 41 00 00 2E 42 00 00 48 C0 00 00 80 BF 00 00 00 00 00 00 00 00 12 00 00 5C 
F2 00 B3 00 00 00 00 00 70 A7 30 E0 00 00 00 00 01 90 00 80 00 00 80 3F 00 00 80 3F 00 00 DC C1 CD CC 4C 3E 00 80 AC 42 00 00 48 C0 00 00 80 BF 00 00 00 00 00 00 00 00 12 00 00 5C 
F3 00 B4 00 00 00 00 00 E0 BB 30 E0 00 00 00 00 01 90 00 80 00 00 80 3F 00 00 80 3F 00 00 30 41 CD CC 4C 3E 00 00 38 42 00 00 C4 3F 00 00 80 BF 00 00 00 00 00 00 00 00 13 00 00 60 
F6 00 B5 00 00 00 00 00 C8 28 30 E0 58 54 0B E0 01 90 00 80 00 00 80 3F 9A 99 99 3F 00 00 27 42 66 66 A6 3E 00 00 52 42 00 00 48 C0 00 00 00 00 00 00 00 00 00 00 00 00 0F 00 00 50 
FE 00 B6 00 00 00 00 00 E0 BB 30 E0 00 00 00 00 01 90 00 80 00 00 80 3F 00 00 80 3F 00 00 85 C2 CD CC 4C 3E 00 00 29 42 00 00 C8 3F 00 00 80 BF 00 00 00 00 00 00 00 00 13 00 00 60 
01 01 B7 00 04 00 00 00 C4 BE 28 E0 80 54 0B E0 01 90 00 80 00 00 80 3F 00 00 80 3F 00 00 28 C1 CD 4C 11 42 00 00 61 42 00 00 C8 BF 00 00 00 00 00 00 00 00 00 00 00 00 02 00 00 10 
17 01 B8 00 00 00 00 00 E0 BB 30 E0 00 00 00 00 01 90 00 80 00 00 80 3F 00 00 80 3F 00 00 97 42 9A 99 A1 3F 00 00 E8 40 00 00 C4 3F 00 00 80 BF 00 00 00 00 00 00 00 00 13 00 00 60 
1A 01 B9 00 00 00 00 00 70 A7 30 E0 00 00 00 00 01 90 00 80 00 00 80 3F 00 00 80 3F 00 00 BA 42 9A 99 A1 3F 00 00 09 42 00 00 48 C0 00 00 80 BF 00 00 00 00 00 00 00 00 12 00 00 5C 
1B 01 BA 00 00 00 00 00 F4 82 2F E0 A8 54 0B E0 00 10 00 80 00 00 80 3F 00 00 80 3F 00 00 90 41 33 33 09 C0 00 00 40 C1 00 00 10 BF 00 00 00 00 00 00 00 3F 00 00 00 00 0A 00 00 3C 
1C 01 BB 00 00 00 00 00 70 A7 30 E0 00 00 00 00 01 90 00 80 00 00 80 3F 00 00 80 3F 00 00 00 40 42 69 F1 41 00 00 09 C2 00 00 C8 3F 00 00 80 BF 00 00 00 00 00 00 00 00 12 00 00 5C 
1D 01 BC 00 00 00 00 00 F4 82 2F E0 BC 54 0B E0 00 10 00 80 00 00 80 3F 00 00 80 3F 00 80 CF C2 9A 19 D2 41 00 80 E8 42 00 00 48 C0 00 00 00 00 00 00 00 3F 00 00 00 00 0A 00 00 3C 
1E 01 BD 00 00 00 00 00 F4 82 2F E0 D0 54 0B E0 00 10 00 80 00 00 80 3F 00 00 80 3F 00 00 9B C2 CD CC 4C 3E 00 80 CD 42 00 00 48 C0 00 00 00 00 00 00 00 3F 00 00 00 00 0A 00 00 3C 
1F 01 BE 00 00 00 00 00 E8 D7 30 E0 00 00 00 00 01 90 00 80 00 00 80 3F 00 00 80 3F 00 80 EC 42 9A 99 D0 41 00 80 BD 42 00 00 16 40 00 00 80 BF 00 00 00 00 00 00 00 00 16 00 00 6C 
20 01 BF 00 00 00 00 00 B8 C4 30 E0 00 00 00 00 01 90 00 80 00 00 80 3F 00 00 80 3F 00 00 CA C1 CD CC 4C 3E 00 00 2D 42 00 00 B0 3F 00 00 80 BF 00 00 00 00 00 00 00 00 14 00 00 64 
21 01 C0 00 00 00 00 00 40 62 31 E0 E4 54 0B E0 00 00 01 80 00 00 80 3F 00 00 80 3F 00 00 00 00 AE AA AA 3F 00 00 00 00 00 00 00 00 00 00 D0 41 00 00 CC 41 00 00 00 00 19 00 00 78 
3A 01 C1 00 05 00 00 00 54 C4 28 E0 00 00 00 00 01 90 00 80 00 00 80 3F 00 00 80 3F 00 00 00 00 00 00 00 00 00 00 00 00 00 00 00 00 00 00 80 BF 00 00 00 00 00 00 00 00 02 00 00 10 
3B 01 C2 00 01 00 00 00 64 A4 28 E0 00 57 0B E0 00 00 04 80 00 00 00 3F 00 00 80 3F 00 00 80 3E 66 66 CB 40 00 00 A8 C0 00 00 00 00 00 00 C0 40 00 00 B8 40 00 00 00 00 02 00 00 10

00A60000 00C9FF9C 10010000 00000000 3F800000 00000000 
00DAFFE5 00000032 10010000 00000000 3F800000 00000000 
FF7F0000 0191FFF9 12020000 00000056 3F800000 FF9C0000 
FF12FFFA 00C3FF9C 2C070000 00000000 3F800000 00000000 
FF44FFFA 00B0FFCE 2C070000 00000000 3F800000 00000000 
FF44FFFA 00D6FF9C 2C070000 00000000 3F800000 00000000 
FF700000 00110016 12080000 0000004F 3F800000 0000FFD3 
FF300005 00C3000D 12080000 00000048 3F800000 0000FFDD 
01800013 0123FFCE 12080000 00000041 3F800000 0000FFD3 
FFD60000 00B2FF9C 14010000 00000000 3F800000 00000000 
0105FFE5 00F40032 10010000 00000000 3F800000 00000000 
FECE0001 013CFF9C 10010000 00000000 3F800000 00000000 
01A8004F FF9CFFB5 12080000 00000039 3F800000 0000FFD3 
004A0078 FF8B003A 12080000 00000031 3F800000 0000FFB5 
FE250068 01FC000B 12080000 0000002A 3F800000 0000FFD3 
FE110068 FFC70032 12080000 00000023 3F800000 0000FFD3 
FF140000 0069FFD4 12080000 0000001C 3F800000 0000FFD3 
01550003 0000005E 12080000 00000015 3F800000 0000FFCE 
FF050000 001DFF9C 10050000 00000000 3F800000 00000000 
FF250000 001DFF9C 10050000 00000000 3F800000 00000000 
00000000 0062FF9C 12080000 0000000E 3F800000 0000FFCE 
FEB20000 01220000 13010001 00000000 3F800000 00000000 
009CFFE7 0067FF9C 08030000 00000000 3F800000 00000000 
01590004 0083FFCE 08030000 00000000 3F800000 00000000 
FECE0000 01430000 08030000 00000000 3F800000 00000000 
FF5C0000 01450000 08030000 00000000 3F800000 00000000 
FE410068 01CAFFB5 08020000 00000000 3FC00000 00000000 
FE430068 FFD1004A 08020000 00000000 3FC00000 00000000 
01B10050 FFCBFFB5 08020000 00000000 3FC00000 00000000 
FF450000 001DFF9C 10050000 00000000 3F800000 00000000 
FE7E0068 00E50000 12010000 00000007 3F800000 00000000 
FE7F0068 00A2FF9C 12010000 00000007 3F800000 00000000 
00000000 007DFF9C 10010003 00000000 3F800000 00000000 
FEE50000 001DFF9C 10050000 00000000 3F800000 00000000 
011A0067 01500031 10010000 00000000 3F800000 00000000 
FEF70050 01C80032 10010002 00000000 3F800000 00000000 
FEAB0068 01C20031 10020000 00000000 3F800000 00000000 
FE830068 004AFF9C 10020002 00000000 3F800000 00000000 
FE630068 01850011 10020003 00000000 3F800000 00000000 
FE840068 013DFF9C 10010000 00000000 3F800000 00000000 
FEC60068 FFD00031 10020000 00000000 3F800000 00000000 
FF2E0050 FFD60031 10020002 00000000 3F800000 00000000 
011D0050 FFD40031 10020003 00000000 3F800000 00000000 
01B60050 FFC60018 10020002 00000000 3F800000 00000000 
01AB004F 00AEFF9C 10010000 00000000 3F800000 00000000 
006D0080 013FFF9C 10020004 00000000 3F800000 00000000 
00EB0080 014F0031 10010003 00000000 3F800000 00000000 
FF920000 0159FF9C 10010000 00000000 3F800000 00000000 
002C0000 00B80031 10020000 00000000 3F800000 00000000 
00A70000 00D2FF9C 08030000 00000000 3F99999A 00000000 
FEF60000 00A90032 10020000 00000000 3F800000 00000000 
FFD60090 00E1FFCE 0D010000 FFFFFFD0 3F800000 00000000 
012E0004 001D0031 10020000 00000000 3F800000 00000000 
01740004 0089FF9C 10010000 00000000 3F800000 00000000 
00B40000 011A0032 10010003 00000000 3F800000 00000000 
FFCAFFF9 FFFF0019 14010002 00000000 3F800000 00000000 
0048FFF7 FFD0FFEE 13010000 00000000 3F800000 00000000 
00080078 FF770032 10010000 00000000 3F800000 00000000 
00760078 FF8DFF9C 10010002 00000000 3F800000 00000000 
017D0004 0018FF9C 13010002 00000000 3F800000 00000000 
017E0014 010FFF9C 13010003 00000000 3F800000 00000000 
FE610068 01D1FF9C 13010000 00000000 3F800000 00000000 
FECA0000 019BFF9C 13010000 00000000 3F800000 00000000 
FED80000 019BFF9C 14010003 00000000 3F800000 00000000 
FF6D0000 00FCFF9C 13010003 00000000 3F800000 00000000 
FF6C0000 010EFF9C 14010002 00000000 3F800000 00000000 
FECF0000 FFFFFF9C 13010002 00000000 3F800000 00000000 
0125FFE7 00840031 10020004 00000000 3F800000 00000000 
FEF80000 00DD0032 10020004 00000000 3F800000 00000000 
FF5C0000 013EFF9C 10010004 00000000 3F800000 00000000 
FF880050 FFBEFF9C 10010004 00000000 3F800000 00000000 
01D90067 017B004B 26010000 00000006 3F800000 00000000 
FF9B0000 00AD002C 12080000 00000000 3F800000 0000FFBF

00 01 10 00 00 00 00 00 00 01 10 00 00 00 01 00
00 01 10 00 00 00 00 00 00 01 10 00 00 00 01 00
00 00 10 01 01 00 00 00 03