==area:0==
@collision:B(187,76)
,,,,,,,,0
,0,0,0,0,0,0,0,0,0
,0,0,0,0,0,0,0,0,0
1,,,,,,,,,,1
1,,,,,,,,,,1
1,,,,,,,,,,1
1,,,,,,,,,,1
1,,,,,,,,,,1
1,,,,,,,,,,1
1,,,,,,,,,,1
1,,,,,,,,,,1
1,,,,,,,,,,1
,,,,,,,,,,1
,,,,,,,,,,1
,0,0,0,0,0,0,0,0,0
,0,0,0,0,0,0,0,0,0
,0,0,0,0,0,0
,,,,0,0,0
,,,,0,0,0
@event:L
149,75:0
149,76:0
188,77:0
189,77:0
190,77:0
191,77:0
192,77:0
193,77:0
194,77:0
@tiles0:L
187,78:296
188,77:296
188,78:296
189,77:296
189,78:296
190,77:-97
190,78:-97
192,78:97
192,92:97
192,93:129
193,77:296
193,78:296
194,78:296
195,77:296
195,78:296
196,76:296
196,77:296
196,78:296
197,76:296
197,77:296
197,78:296
@tiles1:B(187,75)
,,,,,,,,96,817
,,,,,,,,0,787,852
-74,0,0,0,0,0,0,0,0,0,74
-74,0,0,0,0,0,0,0,0,0,74













,,,851,851,851,-787
,,,,0,0,0
,,,,0,0,0
@tiles3:B(188,76)
0,0,0,0,0,0,0