==area:3==
@collision:B(374,127)
,2,1,1,1,1
2,1,1,1,1,1
,,,0,0,0,0,0,0,0,0,0,0
,,,14,14,14,14,14,0,0,0,0,0,0
,,,0,0,0,0,0,0,0,0,0,0,0
,,,0,0,0,0,0,0,0,0,0,0,0
,,,0,0,0,0,0,0,0,0,0,0,0,0,0,0,0
@tiles1:B(374,127)
,-721,722,722,722,724
-721,-753,5820,5722,5722,5724
-753,-754,788,0,0,0,0,0,0,0,0,0,0
,,756,4,5,5,5,5,0,0,0,0,0,0,0
,,756,0,0,0,0,0,0,0,0,0,0,0
,,756,0,0,0,0,0,0,0,0,0,0,0
,,756,0,0,0,0,0,0,0,0,0,0,0,0,0,0,0
,,820,722,722,722,722,722,722,722,722,722,722,722,722,723,723,724
@tiles2:B(376,130)
,,,,,,,,,,,,0


0,0,0,0,0,0,0,0,0,0
0,0,0,0,0,0,0,0,0,0,,0,,0,0,0
@tiles3:B(373,126)
,,,1249,1250,1250,-1249

0,0,0,0,0,0,,0,0,0,0,0,0



,,,,,,,,,,,,,,,,,0
,,,,,,,1249,1250,1250,-1251,-1249,1248,,1315,,,1248
@tiles5:B(373,127)
,,,1217,1218,1220

1220,0,0,0,0,0,0,,0,0,0,0,0,0



,,,,,,,,,,,,,,,,0,0
,,,,1217,1218,1219,1218,1219,1218,1219,1220,,1217,1218,1218,1218,1218,1220