==area:2==
@collision:B(162,44)
1,1,1,1,1,1,1,1,1,1,1,1,1,1,1,1,1
,0,0,0,0,0,0,0,0,0,0,0,0,0,0,0
,0,0,0,0,0,0,0,0,0,0,0,0,0,0,0

,,,,,,,,,,,,,,,,0,0
,,1,1,,,14,14,14,14,14,14,,,,,0,0
,,,,,,,0,0,0,0,0,0,,,,0,0


,,,,,,,,,,,,,1,1,1
,,,,0,0,0,0,0,0,0,0,0
@event:B(168,47)
,,,,,5001
,,,1115,,1144,0
,,,,0,,0



0,,,,,0
40,,,,,40
@tiles0:B(163,45)
1588,-1588,-1588,-1588,-1588,-1588,-1588,-1588,1588,-1588,1588,-1588,1588,1588,-1588
1588,-1588,-1588,-1588,-1588,-1588,1588,-1588,-1588,-1588,-1588,-1588,-1588,-1588,-1588

,,,,,,,,,,,,,,,1588,-1588
,,,,,,,,,,,,,,,1588,-1588
,,,,,,,,,,,,,,,1588,-1588



,,,1588,-1588,1588,-1588,1588,-1588,1588,-1588,1588
@tiles1:B(162,44)
320,320,320,320,320,320,320,320,320,320,320,320,320,320,320,320,320
256,0,0,0,0,0,0,0,0,0,0,0,0,0,0,0,-256
256,0,0,0,0,0,0,0,0,0,0,0,0,0,0,0,-256

,,,,,,,,,,,,,,,,0,0
,,-256,256,,,,1434,1434,1434,1434,1434,,,,,0,0
,,,,,,,0,0,0,0,0,0,,,,0,0


,,,,,,,,,,,,,-256,320,256
,,,,0,0,0,0,0,0,0,0,0
@tiles4:B(167,45)
1525,1526,,,,,,,1525,1526
1557,1558,,,,,,,1557,1558
1557,1558,,,,,,,1557,1558




,,,,,,,,6525,6526
1557,1558,,,,,,,0,0
6525,6526
@tiles5:B(164,49)
1546,1546
0,0,,,,0,0,0,0,0,0


,,,,,,,,,,,1546,1546,1546
,,,,,0,0,0,0,0,0
,,,,,1546,1546,1546,1546,1546,1546