==area:0==
@collision:B(420,159)
,,,,,,,,,,,,,,,,,,0
,,,,,,,,,,,,,,,,,,0
,,,,,,,,,,,,,,,,,,0
,,,,,,,,,,,,,,,,,,0
,,,,,,,,,,,,,,,1,1,,0
,,,,,,,,,,,,,0,0,,1,1
,,,,,,,,,,,,14,14,14,14,1,1
,,,,,,,,,,,,,0,0,0,1,1
,0,0,0,0,0,,,0,0,0,0,0,0,0,0
,0,0,0,0,0,0,0,0,0,0,0,0,0,0,0
1,1,1,1,1,1,1,1,1,1,1,1,1,1,1,1,1,1,1
@event:B(420,163)
,,,,,,,,,,,,,,,0,0,,130
,,,,,,,,,,,,,,,,0
,,,0,,,,,,,,0,,,,,0
,,,,,,,,,,,0,,,,,0
388,130,,,44,5520,,,281,,,5012
,130,,,44,,,,281,,,1017
@tiles1:B(420,159)
,,,,,,,,,,,,,,,,,,0,0
,,,,,,,,,,,,,,,,,,0,0
,,,,,,,,,,,,,,,,,,0,0

,,,,,,,,,,,,,0,0
,,,,,,,,,,,,,0,0,0
,,,,,,,,,,,,5,5,5,6
,,,,,,,,,,,,,0,0,0
0,0,0,0,0,0,0,0,0,0,0,0,0,0,0,0
0,0,0,0,0,0,0,0,0,0,0,0,0,0,0,0
@tiles2:B(420,159)
,,,,,,,,,,,,,,,,6537,6536,6537,-6505
,,,,,,,,,,,,,,,,0,0,0,-1441
,,,,,,,,,,,,,,,,0,0,0,-1441
,,,,,,,,,,,,,,1537,1536,1409,0,0,-1473
,,,,,,,,,,,,,,1445,1445,1505,1409,0,-1473
,6537,6536,,,,,,,,,,,-6409,6537,6536,-6505,1441,0,-6409
,0,0,,,,,,,,,,,0,0,0,-1473,1473
1409,-1509,0,0,0,0,,,,0,0,0,0,0,0,0,-1441,1505
1441,0,0,0,0,0,0,0,0,0,0,0,0,0,0,0,-1441
1505,1537,-1537,1536,-1537,1536,-1537,1536,1537,1537,1536,1537,1536,1537,1536,1537,-1505
@tiles6:B(432,165)
5,5,5,6