==area:3==
@collision:B(263,105)
,,,,,,,,,,,,,,,,,,,,,,,,,,,,,,,,,,,,,,,,,,,,14,14,14,14,14,14,14,14,14
,,,,,,,,,,,,,,,,,,,,,,,,,,,,,,,,,,,,,,,,,,,,,0,0,0,0,0,0
1,1,1,1,1,1,1,1,1,1,1,1,1,,,,,,,,,,,,,,,,,,,,,,,,,,,,,,,,,0,0,0,0,0,0
1,1,1,1,1,1,1,1,1,1,1,1
,,,,,,,,,,0
,,,,,,,,,0,0,,,,,,,,,,,,,,,,,,,,,,,,,,,,,,,,,,,,,,,,4,5
@event:B(263,107)
8,8,8,8,8,8,8,8,8,8,8,8,8
8,8,8,8,8,8,8,8,8,8,8,8,8
@tiles0:L
275,109:1344
276,109:1344
308,106:-1280
308,107:-1280
309,104:1280
309,105:1280
309,106:1280
309,107:1280
310,104:1281
310,105:1281
311,106:1281
@tiles1:B(263,105)
,,,,,,,,,,,,,,,,,,,,,,,,,,,,,,,,,,,,,,,,,,,,4,5,5,5,5,5,5,5,6
,,,,,,,,,,,,,,,,,,,,,,,,,,,,,,,,,,,,,,,,,,,,,0,0,0,0,0,0
1743,1743,1743,1743,1743,1743,1743,1743,1743,1743,1743,1743,1743,-788,,,,,,,,,,,,,,,,,,,,,,,,,,,,,,,,0,0,0,0,0,0
1743,1743,1743,1743,1743,1743,1743,1743,1743,1743,1743,1743,1743,-788
,,,,,,,,,0,0,-724,723,-820
,,,,,,,,,0,0,-788
,,,,,,,,,723,723,-820
@tiles3:B(308,105)
0,0,,,0
@tiles5:B(313,110)
-890,890