==area:0==
@collision:B(460,158)
,,,,1,1,,,,1,,,,,,1
,,,,,,,,1,1,1,1,1,1,1,1
1,,,,,,,,1,1,1,1,1,1,1,1
1,,,,,,,,1,1,1,1,1,1,1,1
,,,,,,,,1,1,1,1,1,1,1,1,1,1
0,0,,,,,,,1,1,1,1,1,1,1,1,1,1
,0,,,,,,,1,1,1,1,1,1,1,1,1,1
,0,,,,,,,1,1,1,1,1,1,1,1,1,1
,,1,1,1,1,1,1,1,1,1,1,1,1,1,1,1,1
@event:B(458,158)
,,,,,,112


,,,241
160,160,,241
160,160,,241,217,217,217,217,217
,,,241,217,244,244,244,217
,,,241,217,244,208,244,217
@roombg:B(23,14)
97
101
@tiles0:B(458,159)
,,,1481,1481,1481,1481,1481,1481,1481
,,,1481,1481,1481,1481,1481,1481,1481
,,,1481,1481,1481,1481,1481,1481,1481
1481,1481,1481,1481,1481,1481,1481,1481,1481,1481
1481,1481,1481,1481,1481,1481,1481,1481,1481,1481
,,,1481,1481,1481,1481,1481,1481,1481
,,,1481,1481,1481,1481,1481,1481,1481
@tiles1:B(458,158)
,,-6253,6190,6190,6190,6190,6190,6190,6190,6253,1222,1222,1222,1222,1222,1222,1222,1222,1222,1222,1222
,,-1221,,,,,,,,1221,1222,1222,1222,1222,1222,1222,1222,1222,1222,1222,1222
,,-1221,,,,,,,,1221,1222,1222,1222,1222,1222,1222,1222,1222,1222,1222,1222
6189,-6190,-6189,,,,,,,,1221,1222,1222,1222,1222,1222,1222,1222,1222,1222,1222,1222
904,904,,,,,,,,,6221,1222,1222,1222,1222,1222,1222,1222,1222,1222,1222,1222
904,904,,0,0,0,0,0,0,0,1221,1222,1222,1222,1222,1222,1222,1222,1222,1222,1222,1222
1189,-1190,-1189,0,0,0,0,0,,,6221,1222,1222,1222,1222,1222,1222,1222,1222,1222,1222,1222
,,-1221,17,17,17,17,17,17,17,6221,1222,1222,1222,1222,1222,1222,1222,1222,1222,1222,1222
,,-1253,1190,1190,1190,1190,1190,1190,1190,1253,1222,1222,1222,1222,1222,1222,1222,1222,1222,1222,1222
,,1222,1222,1222,1222,1222,1222,1222,1222,1222,1222,1222,1222,1222,1222,1222,1222,1222,1222,1222,1222
,,1222,1222,1222,1222,1222,1222,1222,1222,1222,1222,1222,1222,1222,1222,1222,1222,1222,1222,1222,1222
==area:2==
@event:B(254,182)
217
240